2144358400
3800760322
3191791619
2729656324
4191256581
4121108486
1342382092
3755720717
1318838287
946176016
453500945
353755139
839647252
942952452
2511904795
3333611548
3082582913
3737272353
185188386
573325347
2124324901
197165095
1188814891
982360109
4086546480
3838459955
966934580
3284519604
1910325309
2453086270
1563967552
1610184032
3562463301
1808911717
3795304520
421388363
1053548620
596918352
3317047384
2813616217
2834915421
3090437477
892067936
1650581602
595230820
3309052005
2847694951
1811882090
1331550909
4113883249
4256784501
2101526646
2147815901
1919869055
2962792580
2152991425
3417661576
4272829805
2961039507
3993051292
2703515805
1398325407
3525836960
3983196321
2587648164
273670311
1003888808
1604305068
3640713389
3969294512
3033088178
1118838963
686342322
779665589
522795721
3389104312
1134182585
627261626
1191354555
3524886718
178086079
1729274049
3377553602
2221392069
2389745864
3485769930
2741403852
2746769613
2670084303
1934541010
3035087059
3347742932
207126743
2444411098
2321039579
1072308446
4243587295
3709477090
3824074979
1135370468
3961200869
773332920
246808812
3872112877
945307889
419508265
3187415764
1548886266
2476228860
4221947002
209158401
2015690124
326115587
833462533
1727209735
434659594
1162879243
2097234188
3191218445
2047435022
1386758415
294084880
2010390802
3877413140
3933755514
1587151126
1224335645
1043562783
3696197921
2278383906
2803204391
1629496711
831744733
4261593393
1506693172
2214011194
3226435900
1799652746
1717584195
497328452
894198086
358138185
705610059
2184102221
1125007695
1181098320
401894115
2759729494
2252398935
3524731225
3459391835
1968173115
304669029
390603110
3155247463
2088788329
3853205867
3379814765
2654183790
1803428207
4060651888
2208571761
788922738
2233672054
537633146
3873196778
3287048574
3460211074
2078874347
2056899406
338411911
3638092168
58196362
8713623
1051260193
1150966509
3796042128
4172620178
1774100886
2712322455
1385120152
1182511172
2726986138
1247887771
935698844
1732641187
1760543142
4190937511
2343281064
2428084650
2334220717
391848367
2837329513
1108959666
3322118580
4029776310
770288372
3265946050
3881017796
3398115786
2877448651
751501773
2648768974
895853008
3103965649
410565817
2557133269
2899255767
2753938852
1373077981
3291931107
1966350820
2976760295
2093572584
3937534441
2566373869
153805298
3259998708
71240446
2653471224
3241271803
4294673526
3669713407
3034587648
1529340418
3405480451
3422180824
1470259719
2609250824
740557322
2324724482
1297860013
1492746768
3836641811
1766127022
986341913
705159706
2597683740
4173835236
1081721374
1898758690
1891242075
2597126692
221667877
2118422235
223183399
3211469352
241197609
1984922154
2828198445
4076650589
2576130613
2560197175
3395469881
1663754816
1034805825
1271890500
1709900358
1343382088
3033178703
2689548880
666796625
3016565331
2052186708
3436862222
1490195897
3813589592
2610558998
417350235
3043181148
1728774750
271982693
311411296
2199634529
3990389347
1287709284
4235797096
675529322
1059373679
4062413426
440939493
1409090165
4030374520
1837310587
369566332
100041341
4098630272
4028572289
1352336002
1472240406
4199744134
808370823
304628365
2933654158
1192649359
2525946512
2434695827
4208636014
2140529302
2873991845
437625510
2129699496
2165359274
2489139884
1644675757
1649287854
453935793
952656562
4205724340
1523516089
2741191355
2928435900
3283878590
3142525631
523649730
4123853512
274416329
1685709517
1258242766
171775437
3225387731
3897696981
852918999
1070883551
1258586848
4204626657
4108976866
1712906981
3914362602
98581287
1791967981
3781830943
2656756466
4201267955
2118558452
4111008501
199543593
3392054008
2196603642
1073349371
2505499390
583967487
3559965440
65348353
1921983235
2681979655
2386109192
1441981193
1118339851
3051774734
4106216208
1445397265
638078708
2825405206
2974147351
2914370328
3376365700
3677799199
4052460323
1936007973
806708007
1383375656
1608631094
1696105276
2249868093
1632207678
187263797
2222695232
851695072
2573599555
1429955396
1590805317
2580513606
690398023
659227466
2955338574
1437680463
3011535696
863978321
2967610194
1550631770
2267554653
1854694244
1160291173
4121789286
193628988
897680871
4191216492
2922939247
1433748338
1438113939
3111535476
32088949
3290822121
2952594296
433057940
96967487
126837628
3194807165
1019339646
1647534975
4229153664
1889213735
3331728261
4151390359
2434098060
15145794
3440096749
1849353105
286638994
171778968
2200765337
1158059503
2989687710
3367945120
1496245153
2661368738
598246307
2582709158
2599715751
2431878056
1054392476
3983721386
1285694383
526099734
3547186101
1271940024
2976252859
2858771388
2548695998
1855038399
1189381056
2160640963
3076522948
3630015435
3171109900
3008132600
2771690453
3713369050
672097245
1828045801
4016202730
1945779026
3845694446
1524073455
2035074043
3086430378
2869240831
1292968960
4157858823
1811899403
1844839439
4284400659
2236015636
2374896473
3939292676
3687736346
3581273116
1376461855
1688445104
4158479668
1249461283
4255810597
3757048871
3008103465
4232487981
3937788977
193651762
446301236
941974584
50381881
1939563579
3511541392
1123247168
4180902980
2851988555
1158259789
4227359822
1185588306
317244499
2863858772
454796374
2202215511
3758474328
2982068117
3856917595
3289564253
188351587
733611111
806986857
154289260
1067025519
51712238
821933587
3590882422
438504297
1043089241
3431474303
2692121728
4185400452
3817222253
4222387337
1784398986
2553488523
3994117260
4055022445
3374695568
3027027480
1206240403
2867346286
1698145432
3201827993
3232900250
1428432027
3869385888
2711708833
2493686946
1886295579
1506690213
920454310
571753639
2401565873
1830175915
2250073261
1899373746
3241708403
1667204277
4281754806
2729109755
3404801208
3058402847
646497471
1315759297
3504637125
3802498599
2754340045
1308222670
1588069587
2188190934
683125625
3661513945
192734429
2374923813
274990305
32228579
3635124854
1761051882
955049195
1938523372
2436539631
2510893337
222815474
573138166
701883639
3298739448
377725140
3544271743
3465635069
662078719
651003137
529753643
1569137927
1092740361
83019021
3372492046
975258901
1397212438
3098780951
3745842459
1427531036
2728165595
2713115974
2880521510
742671655
3355780392
3072508306
831407409
363750706
1938466099
1908408542
1403577655
3575465272
1971115572
1351345469
677864767
1894696260
1469015365
3904963911
995632459
1617683788
2958140749
1897915727
1939383633
3975717091
1368417620
1785464149
1803011641
2568684888
1154467164
3971409246
3764143455
783765051
1731183970
4086146619
1686676836
3142389990
1412506982
3867444588
3410019693
3341903218
1236739443
1399784822
2219804033
835233154
3487499653
3154138689
2325005705
117286282
3211797899
3082794562
138167699
1489954197
1476494742
1142482327
4150093211
4083738012
4072318365
3115345311
267789728
1800560616
405179198
1460618660
410207660
3891479981
2066892206
3871650035
3160595433
583656889
2764520351
2483400949
2646150048
1314981314
1029416392
635291084
1800046030
3767100879
558360016
2459084241
1328774706
3968607702
682059223
2083562968
2530836730
3773146591
2554299873
2522662375
407848430
1763665395
2126898676
2476863742
3647849976
4021978617
3354314235
2744010237
2058618366
662488577
2857682435
3763824133
3734898185
913548811
4266337807
853501460
805750294
941131288
272025115
435725854
2100676127
3885098535
3325232683
3007915564
1234429485
535884040
3215885875
2131158580
1885767221
3162711607
2511439416
1698022969
2964166239
1233995324
842294845
702596671
4080371268
4168803909
2777682188
3302123087
509707858
2579482196
10454613
3393062486
3799115353
3531949659
2840495709
1122002527
366315104
341165672
603029778
2383365747
2800633460
1738030014
396691063
477234809
1455203962
1615472252
2444273279
944763734
1872873092
3535808133
2440177287
1664288393
3054511755
449480333
2657797779
2484930196
3666201
1924105882
3512403617
463169189
939050663
2122155690
12830381
341067441
860669619
2741083081
512681658
3959374111
3194898111
3316377283
146654916
955357542
194913990
3120219847
729512225
2455496398
4282705615
2077591249
339741137
3523028694
402671324
146556637
3277702878
3723120933
3681676240
1304642464
206055142
534554350
1574094581
1258612476
1165357540
376028117
1426654977
1875027714
706602757
854116106
3616679691
1171027314
2623170318
1308763924
2536572694
3372730136
2970555038
835544864
1291618082
3364136739
1813563172
2220468007
1464133416
2347304747
2845256258
3378226997
432072329
2828896056
3613181753
55371580
4239607614
1143826247
3317401416
3776816971
2423061474
3273059941
1687381840
4021233489
151276515
2941705310
712148823
512280408
1362372441
3775596378
3883677327
3665520476
2287036256
4031072098
444450661
1972660071
849774440
1433962346
1952794477
4073662318
299878257
903669618
3611772788
158222197
3083855735
2470291321
4041975681
1177315202
3462333912
2815600518
4290324359
1681041288
2880883692
472389271
284764044
1141589906
3582994324
2626771950
827279254
3459916100
3414779802
3688818588
1759545245
4072204192
941501424
3460786082
1963837347
789759910
2691467177
730261418
798713773
1434027953
3902744498
3710887859
1337059253
2254784438
3651252553
54159288
3593717691
1625018191
2159527871
1704978370
3393409355
3896879044
1634043849
60975052
4174424014
1743118669
3115812816
2280368085
4266641366
2923874264
3963895585
3872409566
14444511
683884880
1813981160
3527479018
872843243
389023725
1605421038
3165702128
53815282
1394616307
2930903030
3797428218
1710721019
1593657341
3717400577
3536439299
2839322966
1426753545
3875612682
2494187531
2150729741
2523490319
1603348496
2080172050
104974358
479389719
2680932378
2785134619
3565578268
3242027039
3160893480
3679053868
2951694381
3298692104
531245106
1239410355
3821144119
3657566264
2216167481
3942852667
1325623356
534703725
3352111169
881204355
215066694
446540812
4043827277
185988792
2242791506
1014196308
2298194006
3698378842
115271771
2919147612
4060702813
722061407
3808258144
3368393744
260302946
1673709667
3154421860
48025958
2502903911
1765353576
1778878570
2009352299
2934818931
1565071221
277784697
2115430522
3744172155
3009038464
2277284281
119572611
2899331204
2581653639
3799238793
745965706
786253963
1143785614
707053711
2456635539
3005696152
1506338500
2974096410
1745660063
3292367008
1396213921
2344855714
2650982565
4102097062
197093544
4199180458
1885207695
1060059945
3473770675
1406576822
1920215223
4074653881
1278208188
3213093054
283691199
994404544
1815832769
14813380
3525544133
1530685639
3158144716
3410979019
724060372
1323002069
2376829144
2406263001
892250330
496756955
1236740319
2734393568
678940729
3727681772
2031331565
2410391800
2708343035
561490172
3906947325
959916286
275753215
242878731
2814855441
710658324
362989846
2478876953
1867671834
3649636635
3609626909
2812782879
3263424801
3461424860
2973804842
3022424368
4086196530
1186618419
2932574516
784951605
3579980088
2596952119
3869894970
1624413919
2881947964
1635494206
1679182144
3267967108
2828519747
2902034762
2265090379
3174574412
87624014
1669138768
2300709202
2082318676
3024701781
710502743
2346264921
376809818
2896128349
543017310
928131429
1727646054
699418984
4010740074
485509484
2407762285
3887475054
1804675439
962120049
793872755
2659576180
1474734454
125806967
1293221082
562694526
2109008256
970193724
3305460118
4188449159
2242939272
3712313737
884695447
1581525388
2406443405
245934481
4010594330
538404590
3661605270
2099632493
4234856856
665528729
1505986970
1445513627
366201244
575285667
4108421541
863701417
183204935
1941146030
1581997128
4113836467
964193353
3530199455
3705924028
3183331061
1032513984
4034382273
717244866
1650837955
2292255175
3688663497
2055801293
1724574161
3384551890
4087065043
551700951
3285412312
2140367323
3855157726
2536016354
822921699
3981625830
714721769
2596816399
1851615723
1644022252
2665228786
1967294964
968305142
1619470841
1962322428
298740821
118360577
1480362498
1512614403
174795272
2367269385
3770444299
2626775564
54322946
3075058191
3204377106
3165686297
2129357338
3454814748
3421776413
3614328581
2116913700
3970042405
495856172
2228226605
277219886
1107905072
2955299377
139594293
1480124983
484534841
1905125954
523782723
3671812676
3897887302
1701030471
1605741128
1936558666
1598900822
272374884
298478170
871524956
262695517
775948897
3235195490
2135293904
3589671529
4152535659
1094199917
3500518001
519926207
1525631612
1831660160
2176248451
2081278875
57895567
2387233428
2284863940
1830742683
3582446236
1472531102
3762856
3554809628
3251055280
710347441
2717665971
3572959924
3587340062
4112337591
2308278968
796224186
851544763
1564103114
2734688958
1081108256
4272745155
2183219908
3976252102
3059395271
1572162249
825690832
3771247314
689908435
3147975382
3760893049
713804506
2610195163
2837777117
913926878
3032468192
3804965601
3385723619
3410479845
3817689364
3927616231
3706702972
529738474
3776426450
3952937710
526977776
1658923764
155749111
2850515750
2551859965
2570693374
2396891903
2117811005
1908984585
3704515339
2036861708
3249916685
4095044366
1749797647
3409201936
4246366994
2541570835
3746597652
1135405846
57560196
2621311775
3888565025
709339942
584723240
2817157929
3165442525
1192790833
894405427
1425926964
2352007989
302869304
922536762
744663868
1309797181
3341101886
1831422783
4118555456
2431150913
233278274
1905316321
128699208
2142243661
4029696846
1608510287
907217745
4277267286
3325586265
1974402191
1841507165
1898064737
3421047650
4072786793
38529900
412396401
1515875187
41839058
2750186081
2801847161
2782284671
4134914945
15666050
1866476419
470264709
3504622477
2416569231
254839696
2304674709
3867257754
734178203
131722143
440142752
1998195621
4033252265
597789611
3596815284
2570349503
3759631297
4083223490
3504499651
1437936582
3839658957
3561609037
1352354768
3249302492
2619206821
2945419088
884763618
2638545403
3657944036
1377487846
1704225769
268442623
2906852332
403655663
1755884528
1670089713
1959930866
4061130858
4034210806
3785534455
3905473528
32388948
654240762
1214999547
3314961405
2497869653
2917649183
249973761
2129677314
812100611
1128051289
4117449736
4090088460
3421907983
2074416984
4113224195
1779133462
812198935
334941208
1547700058
760048671
892800032
1859578915
3855200517
2308848817
1464842076
3705441326
1732070447
1280655880
422128692
1637365598
136563772
3151957055
3474933600
2765392962
1736387651
3658673220
214707270
3724069959
2659667017
2164796492
225113954
724896846
1571799565
936201299
2482302037
186731606
3139345593
473862671
4067798202
379101712
4113091686
1672737297
1281133672
1916316778
3866823789
637979759
2182696048
2235747446
1547750521
3910495354
2925186239
657779836
1309641855
1543539840
837168258
1359170692
2315750533
3351817352
2881531022
315616399
2679434385
1237707923
546335892
2667998362
2423704733
4090580127
224849060
4131638437
2886823078
4172461937
2161788471
670366919
4247678134
1554386103
4289817784
2131193018
206110424
676539582
4201850741
3189394625
844303563
1559860566
2490846405
2640457142
4207217864
619728073
1580944587
3080914437
2746559694
1234980050
2213727444
644607191
2791738586
929500382
1087081695
942615776
892251366
297135336
1197239508
1956637930
1154247915
3450391790
326528240
1806167282
1604087027
1270320376
2073849081
1649126654
3172814080
1422413057
1575709954
2375990486
3565143937
1984441612
552560514
1198722318
2287758612
1400704277
4057451798
3516402967
1084009755
1612639517
2030794629
2376109346
1569877285
65797629
437800235
3387444524
2191199534
1129975088
2109263154
3793358131
1627884852
2487299384
4243381471
2948992316
2912496960
2198596929
4265422151
3003100489
125510199
1736035661
978070867
3819482455
3509464412
1466019167
3729493345
1154780517
2750404497
386698600
4136856940
3147697517
3661016430
876080497
3045444979
2207419765
4112346491
1706200445
2430035694
2359614999
2203585922
1622684023
1825467782
2275192200
2272582892
3115961744
1121602963
4166004121
1210625435
1575955869
554233248
2465172899
1571098024
3111587242
1839918322
2292977070
95774621
1879928240
538766771
4023700917
156822966
2861403575
2931069552
27905466
3594005947
2026909116
3330076094
714436037
3942395334
2866187723
3842641359
3409389475
3839167956
2680032505
16030619
1939639911
52301276
2912628190
292889168
521080290
157732323
359864230
4203671020
1092218350
2689773039
2427375089
2940169470
1919380987
2448043516
338923006
1270992390
3553496589
2902509485
3432402448
4169212504
2612645396
1666158101
3814961753
3023048216
1113443869
42935543
433974817
2913793969
3187461675
2567114284
2584023645
1373367856
1935511089
3165597234
3375097779
444001845
1513000502
4294270217
4043230776
4231614011
4027829823
1467182658
2937826883
3746065989
3683036743
124726856
441200201
1735790154
2641698861
81603853
1615064656
803130962
3111947859
80662100
1947260857
61673048
1341727332
1420021340
1453414330
2877288030
288190048
1174163042
1892814436
2704821861
744541799
2276879978
3728625259
2330054253
390794866
1566551667
3158480830
1696263798
117821048
3788000892
377269886
3908939393
3781652098
264425091
2546175621
2503822984
222170761
595299979
267021979
1787417200
2838916771
2554929200
3771903659
372616876
1072588745
2777108152
1094151866
2952851131
4116467389
3512725182
2688978627
1015049924
697364166
865208268
1257163
2643865295
4113760888
1131998935
3295325912
3230723802
1528975067
1940541150
867036895
254693089
1235709666
158502627
3217699612
1101745897
4017975018
4253662503
1742016237
2835645053
2208498179
339693299
1270771444
3272019701
1285533434
3594702588
651050282
3945139968
1444024960
1161236228
569716486
3493744392
1118646028
1755041549
3811110673
3559935768
1856163611
470564430
2494672673
3280760610
2651787045
2871398184
3275121971
906519175
2059693868
2002825005
1940115247
1452633906
218664243
1563422519
4184403768
2891705652
1947537211
4280569662
4131991365
1520840518
473378632
1458974537
1927769931
1552659085
3360501585
977096533
1472425815
891039579
2575724380
2424926057
1680486250
2688266095
3174772592
333893490
2842627955
717320052
2790084474
3598651262
10216085
3701772160
3701722432
2219446146
2798923651
1988797078
2703920449
1111143713
3280392080
2018856850
386305939
1530195864
3936325532
626339741
3012358046
3716559515
581685157
493197297
2467114242
963325255
3416059820
2853515181
3113996209
2686529459
1502564277
3947966390
1890627511
2260168632
1434742717
3640913861
3498168993
1497722098
2124214218
1845333964
225832912
73166801
2882768851
3357044693
2622856149
655085531
2629504988
2379077800
2833321952
3360059361
2626951163
3111604202
2572185579
2221617133
1065373685
1050898424
1002508282
1394651136
4059254786
522760195
2700480516
819556357
1771663369
46861991
1466478409
73499309
2880106515
3133370388
698265621
3645190166
2797146136
1003261977
3474083866
4151220229
2143686690
599339043
1413410854
2256826409
2628571180
2960835250
3216420911
785199153
2374201396
577097781
2655146039
3114435252
121318751
1919813642
368218175
570683458
154824772
3357118537
2836033610
3658068043
1667321933
1285271630
598886413
1846005843
2069758649
1863241819
2037712283
3861384549
513757280
147615847
1141059689
2875887722
869527661
2106986606
801247343
3227758705
54866034
3517788275
2280783209
1169567864
4085970964
1048768634
2657046652
3864252545
2237673603
2421854341
136507530
1494217410
924930627
651522193
2166853780
2702725269
1327288470
3402240151
1678889117
808939678
1758154911
443699362
2516537511
1192972458
862638253
583376511
104812720
1435692403
3224137908
2678173878
2225983673
160329916
3877088629
1639616705
2313941188
3537948872
2039722186
2584465614
3788746961
225947859
1085755604
987058389
3400393458
1392865495
204878041
413610202
467554528
2697031907
411234533
2249191654
2562715879
1832407275
890900717
358387950
272904435
339972341
608275154
60575993
2130260220
3350425853
3137089790
1659875587
2477863173
1619702022
1547096328
2245142572
1994379532
2828644624
2172219668
3222165626
742314262
4029937973
798781721
3883054843
2888331548
4292202783
1190760738
953585030
1502884246
2317192710
326324523
1840329011
3710431541
2720654149
2742038841
3061190975
1881395523
673526084
1117376840
3272094025
3995873611
1929548108
4240494925
2956833103
1540526416
1914327446
1310118228
2600873807
18403675
3108758245
4150055264
3357978977
2985169250
932018235
3948450148
1795600742
1691545959
588075369
273895788
1735913840
2709180785
2328408434
488919411
604664181
3344691575
2135708025
2656924030
1571344767
1945629056
3664957830
2355196302
3980095888
2244055444
502436245
462524822
3993637274
811299227
3126899100
966775199
2304233892
3281285873
2036937128
3383374253
4075598256
3791221174
2756260279
390345144
3342668217
616526268
1015923445
659583424
2989142466
2811285955
3548320198
2611401162
2135077325
363141879
474837456
1531064786
1093013972
451637719
3503854040
3668738810
1986179551
1256182240
189960673
87519714
424800740
2135855589
1686114793
2100580844
3822293485
3408679406
2990330352
3120738802
4056283291
888719444
3520115198
169660931
1426821636
3347002644
1473454849
2350354953
2571596299
2589520396
27472397
2801913261
2094727390
890483217
897123075
3980784151
3613018202
1485326427
768578084
2336477733
697963049
948245034
280945415
3814904364
476525107
1443332873
4168364602
2441351741
3025089086
3540718145
2476257859
377551549
1294380470
3536450118
606532167
906285644
336466512
3024685155
1352815192
3530762340
2478674523
2007282268
170226269
237580894
1551325285
3713348194
2462929507
1098125924
1269019240
753881937
4210077806
28562031
2191192688
2733986419
2459865723
4183274109
411660928
936596102
586519180
982299277
1301975697
1892746009
1730433688
2330787268
3349328539
1660064414
2337250757
888173217
3636916898
2911457959
27194025
4107874988
2402292397
1404883058
1438274224
3618181813
1291784888
2084278972
1421005503
1591762309
2146521794
1579160259
565949124
175198917
3242676937
583611083
3384578765
2148258510
1782723279
1206383312
3976852178
1169204003
187609815
2097738457
1441821402
726242011
2389824220
4221956829
2592420575
1239435542
3277588603
3518264036
2382885606
1022186216
2302096106
132953585
4022524826
4183626481
2053690102
2969490169
739521277
4203793720
2249691904
1272088704
1924780802
459625222
3021493001
1991938829
1351482663
3229520661
3913175832
315926660
1198436877
1442370333
340897089
2554352417
1328247592
849261353
1292038956
2593657647
13579059
1319968541
1078121284
3370348001
1937757001
3521295179
1091227106
50688849
361739092
3405042518
2388218712
473606287
1009881948
4204630877
461894494
3296187235
3507802980
1602499431
1138144104
2056270699
3042571116
3374379886
2584441712
3351679857
2067851411
2915136374
1761833847
3746575853
3936818046
1139621696
2790757250
1927140227
3743953797
962614151
3069891465
544502666
1496134540
20688811
1749529489
571839380
2996056988
1726100381
3896652702
1296655173
3542741923
860074920
1068725161
2042196906
3317781421
3632911278
1561932719
1512666033
3949089714
1904492019
3227046837
2251035578
116429755
4062335936
2522682305
1705530308
3119066405
3696571334
3595629511
192418760
3501863883
511906768
4206736337
2110026706
1240241112
4051833820
267269087
2573356539
2463601637
3253687271
3558003689
325637099
658871276
1256092655
135869424
3832551592
3227673675
322589684
2966199806
2452804598
1037939704
2852631380
26276859
1912189950
3492631552
4116632580
1550586710
1874916359
708375566
1967674385
3371258898
1155626003
3824833561
3272168476
927241245
944157726
1116599329
829076517
3718927404
1160487773
4197446704
102874632
453538866
3281387017
1955427385
1758966843
3969135570
2671645761
2334716998
2867934279
3778204746
1079161931
1305760850
244462675
1191531607
1919152996
943707226
2043376732
860614717
2154708496
837727334
1936512106
2684771858
2906420334
2973578352
4197151858
571367201
3085964404
2377872506
1548748991
3040318592
4039144577
2467329154
4162966659
3423802502
2417144969
830690443
3675509902
2052215951
865973392
1740788883
2856301718
1542995481
1120441496
4151208132
932664477
3507590304
591328112
3462888987
1546777764
3878986134
4211618984
1501711584
392377518
3574722077
1194652849
1424905394
1360598195
4115720443
4216542392
4182602942
2302891199
1673548992
2848232641
1465881794
358066379
819589694
2447553734
391486463
2559644872
108655817
1629607120
1706497234
1679398101
3081729242
321967324
1379431645
358642912
3058144487
3536975082
1321047277
4029453550
2907028199
1466372611
2136347889
3048527090
403494131
506466751
1077458166
2995955573
2152346877
3623908612
705066247
3746575625
3967015511
1681626383
146589912
2242966804
4168267032
3778049306
3587429660
858350469
3031438624
2528212257
3615217883
3792934184
975033642
3109672237
526660911
888716623
1591840307
280409396
947148085
39662473
4263990585
550209759
1853191050
4180530846
2660068095
1498838336
1762465089
3871200580
926233925
3678401862
2492675400
467211596
110507344
61279800
2119570771
2830325078
2306061655
2981311836
1956468061
3304576351
3684496736
1527580496
3316633147
501962084
1951757669
2208191846
1151619985
4043199849
3979113834
2161078220
456062317
3810342254
744338799
2876659058
156964214
1613707386
588242317
622466425
173299067
1156633980
4023793021
696685957
892212061
2718266759
105321867
1955501453
3676476815
2598065556
2941957527
3557094808
1109121263
1580438941
84317600
2855671201
1438406050
242955686
3922295823
738039210
2434666055
440604078
1239109318
2513851828
1782699445
3485953609
3742897593
3557749663
981652924
2790394039
335181247
1707242945
1257985474
3364795734
3567990215
739218891
35886541
466367952
3237611768
3863713234
4166579669
900909613
3538654680
1205089754
351587919
3438073310
448976352
3133871587
2007396645
3504862697
1966446059
1770968557
903219453
2937419248
1166358001
3525203444
4045010421
2682582518
4166159578
3088807419
3137508868
2009945606
1220720897
1071396361
182988375
1720399375
3977731781
465532435
2624099863
1835426735
2357163549
1795282466
4152227365
3095622577
3849475626
2068313644
1212634670
1505023535
1789539889
4050974260
1200379445
1698346550
582489655
2645702202
3234780736
1427527233
4243338818
91739717
1394415175
3588904522
2483377740
2236601934
3094918738
2176816726
525997655
3880154712
3160174180
3459275023
1841952351
261510752
3410957922
3435443813
2449184358
2269804136
4198307433
1135177319
2388883054
1652848240
185407090
4043871861
617879162
3692860909
3061108330
490390872
3947971520
2118084886
3478886022
3402217097
3218437773
3798478445
2069714576
1953216146
2556455193
4090222237
3678607006
1275393695
2694805152
1332237991
2016097961
1520301184
1638313586
2160055984
295515825
3924696691
3874215604
3933861560
4208424633
3861001915
279688893
1266669247
2985408193
3960059590
146835745
2711246540
2527024846
1205966543
3253046904
611202773
1993610972
3298506462
3274798815
2462799587
2381166311
1200830187
3756078034
4207245038
3649688715
1518423631
465324329
689141496
1836947193
602085114
737203963
2494748414
127588095
1877219072
4201297666
1426896361
637597144
4167003777
2424140147
2770040591
3657103121
493836051
3646262592
2224142102
2480477979
4285110044
3467450142
3899905824
3661641508
720672552
1464588073
4143560490
777180973
1346287409
121407795
1881110329
68991036
1657820987
2759186237
3384588095
1984640835
953718597
3806140231
1561008439
313775948
922490701
2843096913
2687480803
2792025292
3851614037
3418183512
2709034841
2191300442
2011993948
3384019258
371799902
1732637669
1582536544
2310846305
1679660898
1211938659
446740325
1638676327
3347380074
625031019
1300567917
1002887023
1808840561
1739863923
1381414773
1323710327
1528485753
3381188479
110278528
288397188
3882964869
227104646
3013875595
1491908492
2550691725
1921382330
3404068752
2968582033
953476577
1645606805
1617239679
2551666585
4060665754
943568795
3410212948
3550779297
1221009051
3451967396
3443275686
791486108
179509162
2104760106
1333195762
623458559
3363190705
733976499
1425997470
1171216312
4019451833
2110109626
3877763003
4075493706
1241464267
226736066
1438673227
2477266886
3247797804
554056686
3631372238
2438748111
2987530192
2642753501
1367267296
4218906960
580103847
2749003675
1193187313
1385953267
4208333822
1788393464
2213987327
2719234046
1639217153
2524469252
948967429
2079665836
689223691
1284511760
726718481
3449395218
3327481876
4002248725
792582166
3103078432
1353414689
3232315427
1729181738
3657848878
805615667
976910388
1977284662
449943607
3185160556
799037499
427808828
3456333885
2493978686
551057472
715610178
519627787
251426884
2188687432
2018506826
2394025655
1383159884
1101158478
4146624593
2122168404
367016021
1709185112
1468282969
2926860379
1514248290
581888358
2458753130
3102701678
705820785
1087592563
138197111
3010295928
3408730234
2589694076
4198365309
419379326
2855934080
1563408516
1576130694
1578645640
1107449997
3356088685
2480912531
483353625
940701851
3299913618
503453855
421583216
2168327170
1955944611
568225478
2102229160
3308774428
3504232619
829192364
76011693
3719747758
3869382833
267507893
3986745716
1837160634
3945404603
148438730
3473062078
941771033
789592262
3569932488
88373450
3258308814
788560084
1706997978
183359707
933075164
2072312029
537584677
1361631611
893065444
586275045
4022775505
1085602029
3320682734
468416893
2986135709
1745590513
3113720057
3766718161
2548852512
227821952
720386308
3614505789
361732358
3407411468
2887596301
3834668077
2353127128
2543352082
2456279320
1200888092
1251667674
927439134
1956268421
991566113
3905165603
3852096562
169859367
2566176593
3691403563
413972780
2151797810
1200462129
874215730
697006387
2300057908
2886221534
1596971319
460028216
3779145439
1538013500
2336269006
128166283
159635782
2882541895
391231816
237574474
2771794252
1369454925
823884110
1088854352
1951029591
203774297
3985250650
958658909
3265034590
3735509343
1576114533
72718694
1871985001
1741699434
415693165
1910536558
4113152368
3583203698
3117619572
2343754101
940857718
848662249
1403378041
925185965
3893919927
1289569344
4643202
1228470659
3307264388
2200094066
3271063951
485333393
670357906
2863987099
671066522
2047220126
4149287333
1910931504
37935529
1803631019
1995422124
3328186799
689772978
2537568694
4158978487
4239497657
3334044090
3422230977
512334274
2296693835
3200489924
2457386742
2308995527
3073882568
1854691785
3566295499
2187549133
3135109583
3814265525
3194018260
2629267607
4241785291
2437863907
1359378916
2463136232
154606057
2901006827
1130658284
3335641583
923564528
2979116205
2644761076
1786010104
3233700345
3883276796
2848389632
708721154
3685699764
2915809797
3694033417
669817356
3263830544
2657384977
3585636883
2131909140
2667043355
4108917276
2404661795
764501827
3985529384
2846800427
3504388530
3106997341
958228198
4017534046
3403848247
2597968441
1310759483
322304573
463788607
283261510
271497799
9768716
3817855562
2499344973
957332047
3397794385
1380932179
2098330197
32209495
787896922
2109905500
875764320
2753223268
3322870373
771340907
2449627756
4062493293
1376336496
3736459894
1148893818
2990185083
2389924476
3467385471
687684225
2776128130
639244931
178436741
1132714357
510329964
2251340427
2571655820
590846608
1649050534
819690133
3424033432
1929247386
1227471515
1134443164
2574704410
1629162174
4025801377
1882749605
3033774758
3109714599
146668200
430414510
3724459805
586021554
1976523444
2315229877
4108778166
1948625147
4081760952
390159033
3113393951
22256316
801151677
2311822017
2116336324
3585956549
509745862
1204391713
2071550664
180828873
4018109131
1888672462
3612859092
1731795669
1732139734
3469480706
992893661
2839780066
866073317
1483422439
3729758955
227023597
1818829979
159374064
1945078227
177470199
3755088636
1802959617
3149765378
1143364355
1616403204
2034572043
2719904898
178871054
1354021647
2890521360
203979224
1437834006
1821355823
1723071261
3727825694
1688935201
1019198242
3242392359
949631785
1570650922
3749239597
3089701680
743414577
1524790409
3785988920
3526450996
4255292219
202267452
438541117
436149055
3390831424
1556314946
1376646283
1449990982
4022688588
3338779471
3563690834
625179483
1847245667
2483772261
2918734700
2147785581
2101334808
193102160
4124490216
2326703934
1709521385
3306630510
3369384825
1145519935
1482201985
3927038851
3716821350
2331876230
1665702791
3598203784
675347337
2896059276
3334839183
426711955
635537227
3570981781
1988500374
4019542937
2490882970
2333530607
1771010972
3053362079
4160281504
2353380259
4037139365
764009382
4180581288
2628402089
3153009580
2970154141
1709456306
435866601
3929193078
878579529
1343527868
4068178877
2230582206
1905892287
4241914816
1088122699
907995638
384586913
2419006409
1815354318
1824750543
105642960
1777947317
1589771221
3288160761
2635747151
2784371877
1748859872
3522961232
2794118114
2056594679
430365671
910289404
3842497516
2148965358
158940143
2604497909
8264703
1461831388
1109564424
93289481
2079505419
1510816782
2484534287
1341625680
1898494993
2147465338
3856037277
2402835482
3029564443
372857885
380673055
394984483
150592548
4050719921
2450045995
1344396332
1671486509
3819674670
1533582384
2629688371
33848378
75390012
4133282998
1189280839
3971218504
4226931786
330002118
3343150373
1105067091
50076758
300129367
222329944
173341789
1194400862
2398788706
313550011
3694910564
2257353829
1989368937
24755307
4186537070
885349487
250920048
702889076
2137593022
4234509433
256070847
2161204348
1491033213
3109969024
3742833795
437327904
309935240
3062693740
1651219599
3392371861
3958791318
2561965207
1740027076
1027169090
3936615581
1306963824
1355830470
2252782759
608255149
3182419120
3276610737
4124433586
4291488745
2840263860
1814088826
1235516601
3199229116
2788662463
176258242
903249092
922492103
1578179787
2472254668
2760817870
2119559147
395738321
246209747
3390119125
856808662
1598823639
1395580121
2931588314
1750662364
3683138783
1120148704
2257001698
195805052
1157225708
66827474
91675892
2302737397
1039301878
886897913
1807228160
698088705
491535621
2194177287
3141172489
4125785357
3553172013
3968851216
227245329
1556585746
2614397486
3611704599
1775099163
314179150
4025644250
3006392880
2549458627
808714118
2415077937
2509626664
2419561692
1088675114
2701409582
1211170095
3037674804
2446941494
2255150393
376003904
3638917951
787487372
174906694
1545878855
2501279051
1000660300
1260887373
3495624015
3250715193
3840793949
2132896853
3125604240
2173959522
2490596708
2018114917
280722793
2105236843
1642626412
3528822674
4081252925
1570651505
209313138
1680088979
2505014644
3698515322
164953467
271023484
2670214525
2310486505
1260751404
1843297665
3753092331
171698843
3009371525
1854233993
2933889167
3931028877
2021612942
3262332304
354131348
4046083310
2759880560
1108729241
3508256156
3221052833
1752554914
1295580580
1226537542
2900843942
2963283368
1618673067
1174136050
3950779824
1065344433
3384843698
1404981150
3654376887
2897190329
287219131
2545794494
18527477
2583739840
2610486723
3453898932
3780306166
1541915895
3397828046
26484175
340975058
799989205
235994585
1126746995
3696827868
2097405407
3336568290
3804389469
3255694526
96198130
1785100883
1257934569
2151395332
3651255811
2783608327
310050312
3740528556
3221486508
2383937037
4051443216
1694632190
3813654034
3764346391
2577022489
1154924059
508362269
830668318
2666668962
2441575971
908877348
2151128616
2037194281
2979749419
3212271148
1574706734
3325902384
2464793805
3664002612
562036278
1620573756
2602663273
1255956033
3344408132
1742036550
2282454601
1746599500
4241981006
1959060749
4111670865
1593884250
873911567
1664400990
3553721954
448503396
2145680999
2903367273
1849286254
3360521839
4087340658
1035902579
2897985145
871664165
4192060693
2184633986
3272932995
1143029381
2208863950
3533143687
2475695756
2094557805
2001493648
3933263128
599457430
1678261911
2295021210
2397413019
1740029596
4294753950
1407786656
1806793328
1805632795
1776213668
2883264454
2647432870
2173427367
4165164713
1375551150
1747869359
2204466868
873627318
510492343
4237614777
153026235
705322684
3609788096
1188789953
2919210693
2705112774
2289595681
875118281
3500113610
2945416907
3551010509
991469263
3454443216
887226072
1623826137
1175566970
3808370398
1086955232
4219345971
3856650516
2046892668
2794472743
2673098476
2232868591
1618345712
3763732209
3477126898
797700051
1484713229
3276087030
1421057783
397204095
1937424125
2510011606
1941364481
2959671042
3654246152
2863300363
1191894799
2867445520
3137470225
40491651
543268629
1594490646
1130470487
483865903
2628452125
2872917790
358260511
2006040353
1492459298
1292558120
1363935017
504520496
1729862983
767754035
2602469060
3415207115
2229549705
1082086708
2810986298
1087905599
1449008960
1455914817
1651703618
3238230667
4109639495
925630280
1283660428
1315222542
3582099280
2043248465
1788977308
1050025814
2653339480
3492863837
2848199995
2469887852
2010242925
3951886190
1193485629
2883999170
2015879025
2359730034
3907627668
2884132730
1069350779
2309750652
3048705453
865197954
3574120325
1634516870
606248839
2726870921
4134559124
3258015629
2697568142
880517009
3567689619
2713296789
257654678
1068804761
3465363352
1604024219
2596880283
2357903260
3565502365
713408414
224853921
2803952283
3692937127
2244804520
2434711470
52305841
3851599795
2988146614
2693554104
729505721
1925734389
3593617345
1576640450
3373170628
1384513526
964214726
3855073226
1174044620
2716475113
2359283704
1836335061
1476928847
1701158876
1650802653
3124314078
1330295145
1105444833
3740147683
2438152168
2539634665
4046725100
2691129325
2697307475
1507737589
2948636662
1736278008
2032634024
4011778046
