238950846627168
160596485589266
213025664626708
175564917197907
277595915920073
110693829166124
56237749042538
124700643378680
125292344815735
47623809120238
156437068211188
98084335979123
569270910531
139988611544396
251108221494230
122120634491355
57734861911793
114751516704014
220984287897527
49469335048510
27868793563254
147340993851883
145640326718
98784691206256
75478874297366
62085261430872
216499567568739
91930806675015
44532739804139
209245174766396
39954593348273
119166161533996
250932662645555
42661506054795
219220989329020
78599521671211
17734126649372
187463895380152
247109877132492
40011144432987
235965172348822
208678289300414
220539010130632
266218820407253
69380428252603
79541804271865
135895374205910
239552400483889
270510771143658
207677416760986
36878303189151
233121081660926
90488898477056
85884862806759
99761667171807
231633185611562
271094598190468
153431271940119
208736538051659
268444604581564
65734767529179
181145808492678
184835323360455
116203807775025
240925010789464
56852134688582
107186733746626
191608866833992
11643583745628
151138005782602
106935220299367
176967912125655
220853833533197
83108898442700
243513943595818
96062200665024
110099071521467
255108381472603
122313061896422
116599691430987
95010360539556
274991768028903
28962580764764
7255668128615
192501264234131
109943400932980
8931736950731
175554253029763
42204907716881
87529639327943
267997237245769
121633379160632
24468704069885
210722390024641
88908272487455
216297169504877
238463093936523
165311167223292
276158888590264
86722657031099
47261848835499
4122570523832
22783337836264
176641666105805
52048207865570
31109138102742
123585905319125
172757473912636
209908302070029
49010899210895
83814340065498
127925538906372
136958756939992
225924243214431
245285802104624
86038964817078
120769286984593
210117022867220
197564268592775
138638232942150
112243501750062
215547072686874
149213426403458
28847068331782
206267181923463
269002553558339
221898732881906
74131918861323
232980998641662
259320762316170
230602931566752
56196132700704
78427392497711
77998591525799
71018789632604
62812114999231
222215548552777
79073850695435
104144469075355
257090426020843
159666231179990
100946935256675
35908342926283
147811073130106
144255073049176
12886440593558
84527940553110
215203382829083
220320961632938
247595933256491
25208448992880
10588093520963
15830248965539
89489271605935
137990355419326
119169890242062
46413956304906
169478607650781
183871230049641
265176626983034
142692255314163
3856328386426
223073356846255
195209161155796
262639519443307
228557642253705
128848068569872
152578437302412
127951368903123
43193595351317
152964435154885
18725809409891
261836566184064
96866962075981
99970443249661
132528817798674
152886913383736
49069827690220
175990252623534
160388342471491
55712456854280
240415783229584
12586095141418
194906127071716
3011738404252
260878559338547
147548269161716
258481349980812
175038772663651
156164549023912
10432691801952
158071211293766
47280205011417
153989018475902
149712656134471
73363148397613
130565259556692
129396214713721
125685838069141
96434521040298
95550032020047
126901675575886
109675465631449
262267520017591
274578480238251
52266026456423
224315742037299
228842121458541
12237877904500
126745636669212
91786417324997
230611771245263
268807546640054
238146342050893
203218837675192
123688696854008
249853110572576
83436303699906
239025236456704
151132659483272
195253387225760
238683044866889
122654090408863
105175595297563
133995217450127
155784077393744
23075587064197
188968095160233
219157560277973
226940901809578
137234434072174
44813312282360
69749632233749
5221602773221
25921358527142
37791564521453
66276795554920
91368908755158
148967858294504
56863877712869
114830720001364
232718446093226
162102524778277
105716959930079
105154931750474
231879518751266
263282471112529
19842738147412
157387466595913
167340447710872
222691399761898
236236637096193
126956430522267
249046636714560
218077472093976
58287591731226
26462240221882
2524181563692
256015007730803
257334094776896
34927915781694
74187099284556
163355054186539
28932197691835
254705153285848
215557177419048
129738448911197
265010756603869
256058671545912
274400026455287
8986941162291
91879463183499
3950608145449
208909642640595
274951125012948
238862626129933
14060519621254
230180997562916
147117065813328
197441659931948
254503293115716
117389359182363
257199419339295
154518904768556
272801878231283
202838755310287
128666315055324
262499208314429
267753811045983
65776499875414
181357345309701
4800809322366
265881624470756
152775024393115
247903728444593
33249485698350
92356449043974
37370577231395
271505166060195
230447402522913
34284413335486
226343306878148
157308475281788
203136331159359
26650552521165
35155358373789
231612652046914
277923790234788
26211094852465
228944192469087
96161485950297
74123462264002
210999820467771
81600223526875
112302086943242
100056105772277
246120382982819
28102361032063
245464774329983
200650022130424
271579684489299
50334879186831
98708172629013
151988044898448
13906083166000
73583206984855
152062695272132
106776283621200
200775005327006
51241360217409
142563081975319
50899301837342
200421018918035
12648772501143
186936185981264
70958245184625
111981713838109
132077105548475
151800098844967
279749697331031
35694666015392
66543782119266
212972080786461
253699195816829
237371102310738
16266707445912
234718112845196
108097112705787
151511319960334
86233042448271
246520839524145
103037053294537
109907377028109
141533253687575
15566036015546
194724251817870
26925263219625
273639784170618
80871785801963
33343685721886
41886016150182
278333325646341
270869743930583
116735755602179
34803236755502
35494034264600
148220082077486
159120539515102
199500178000874
1923625162105
89841799508198
70125622317459
175345133260199
196894274327198
216484214866822
203039386367151
66477986001539
26889675858072
5414257671672
103154965065447
245379907150204
184129066757789
209662399034501
71142726706624
170099355871137
160574687370037
159271598999316
114721684506144
68592775360688
82006282401660
117899203104020
149558656623340
174807205806817
8827227989919
3155189542350
137409649664899
47224774814530
145223359345936
64748853230474
1553824180904
30821643795485
26513780258091
108124519580559
173361379267662
249180008870573
280792289288638
185122504155742
211952715893130
248264724797996
49811709906092
55382807881323
228129387464803
169790990242185
163660756695610
249438253914177
264394382146491
245823906901751
133973619897197
31696103820686
204026465266492
222874285381322
210283946290697
174090388833351
112371776757055
255296584726500
172624957713153
192896986548703
142862621755280
153052911467203
175004088294603
181341849987611
123035293858212
15075579174893
229484575446844
238190420084297
85726393292219
198256966101465
38205817465540
150615338979238
40264319145357
108417317926475
32722822814130
36811893911729
279198815134384
30587339894459
215547828279347
276228532918861
118516963515042
182930069245923
82419730264990
208251787089491
102290048992750
254510378749971
225300893785166
98078984353235
214960714787780
26948352594962
173203073226883
248622132888416
227653955452418
119578683537945
275508088694271
178331441086571
120951264179280
171787827087667
163337081307597
227716900737566
193449091555522
57104995939887
272183369154690
120198050519559
222567762512041
222316855586154
67387917601271
84895262525574
55844772639017
248873950357145
248088508220788
55461560003985
31320253683453
213057662003986
13532378160057
200774665951819
231375445696053
178970748045376
99483108554973
218869630331208
84276566835774
212722606771786
223211718887015
138031286543721
39447633612561
124617211521492
9607837224662
71723452703922
122230158617865
81911214859337
216152182339859
223435569101779
29336279229349
36473576829805
91675628479063
47538272279386
110270295012002
103215510731301
280280334998144
176814465800927
275239292610322
188745820632129
270032981540328
125935753111957
140671703462500
19447043153772
102272192093974
263542618622392
95183617198534
207436304783678
6859238504816
37650268416389
180131242812275
121554462848113
232107925917875
14485876435491
215969337512646
7523570060611
181514009318603
93803567024527
216095412711385
173609157971294
35081030932730
142213649656369
273858953663308
136706554184150
87616367195996
97551836425938
137996743720852
124155238665206
687482356036
122749665788370
224068883538135
20601149650449
212297061589607
225420739811510
190672654068045
196796573705077
111944214649297
132171843984577
75113946659266
135503471159705
269963148607181
78444819478966
2460499892258
227421926553223
68042688881056
198064790141132
30505401650084
28083698124462
7055609249447
211605118798063
56711313831295
241268465378398
54441147255612
125491746738597
179697333867179
196314745962304
169727426718057
191074226864995
109687891023668
247504779686294
28310655563001
5947652738666
46036414604879
246831820259741
5313139629231
55961306044320
228758278472647
97125640762352
116711782377237
269622849223903
46522980421342
187474397890197
155053276606693
204524410173068
658126335294
58112683634911
185833941546962
112807347961218
63970758414533
66516488425405
178567482557973
162262779883799
191826600521092
261249607365254
135492689866575
7833028569492
250208315795696
144301665156824
20780568364367
243452559184062
34402145049448
209109905121706
73409134999536
263659579933331
86479655404634
19493773013317
27784503934834
256291690582385
3009204510936
95882909632874
136635498253893
71079965135433
147284503009308
87092404007622
263290563974798
227893179815192
47842780921754
64657792483344
251527701740201
94848806358800
82258832263473
164174446342855
269860191345776
178756119443328
30820025935381
73027885300546
83794345595186
202594143332934
187487108722282
110628141760690
146654929371958
168854575154690
75299064128357
167750822736084
79493367638758
128083735743250
264918472780197
80202323137127
136409011513332
249129157132924
245805741123716
143777074607154
245227034583962
11705051017308
209643040302734
155968753735527
130119881872230
198895012047585
174985029178739
11509681243494
61209396012359
4788061940373
227370391529710
57873842266384
210275287760644
6384695522897
176533907441615
223153668719317
241342559586466
108459963376494
57821403722430
9888732444988
150565290537248
174289330863199
270896127431925
28144709962967
219105214549984
102338830256760
160826187890197
133528712795699
165909263276671
162269350292782
111301938315939
177409380272283
80089841857131
250520108816468
203759416616563
143591035406202
46661131525118
226108720377019
188152048606579
104315651577288
187226784032107
33658976856735
84075409749954
108869910518195
50325151810807
17986297056846
128790728769143
257469140961671
77787558954840
111001271301025
4765028338025
90164437268354
41182398657362
43775114206525
170741607533774
158106550506088
209077854069837
172638523614745
171886004387872
177073256581703
17086504924494
49910373903415
61216561597514
170534300073446
115481037815495
166403309889724
15906428306694
253221137277721
16387996942050
79364332385381
14881608902835
220245061205766
87132691053335
265941456618092
265378503732562
21995284730012
236670506995798
174545778025324
87720634667754
273217029847709
280803625440123
82089435370347
153306467792569
212749323854277
222329328152796
145034774379044
57530277810861
237787471697060
36446353246662
197661450739247
135603372719975
222920922484433
234090252941585
21084651253584
227519558539250
200535652075297
191195174907778
248900526610135
7736780763518
11965427311281
197461918834719
37823744910881
5727601372204
180642804168593
103221068710954
92991159517115
18705645425262
96129383188026
217195070414619
5547079773725
83658187923909
120765008718160
217089473711115
259626273705952
33694723951051
28171380768958
80416294389290
280810702332192
53855453068500
35719842841835
228827625615195
129790244482659
224007735971972
185717696063819
268914937041804
278063361706320
201335713920493
216859918838753
11458391876985
195734844085829
243477718577488
50945865696391
262222704352778
242886671237526
273353604354277
116617797744055
52694595020104
226805432348995
188841895976709
187508449566941
245615748710936
275391915804445
59752359705225
207004766748337
276323911495817
157970237402497
256308815633029
140654464160257
176816275542741
168803087957054
143693659452605
153990495172956
262869081612262
196593896365806
116090280183417
172019022672343
145539402126784
126804785748076
101343768001826
21762025675002
172538211542029
175233142103341
121920997325567
29940633239739
81996249730778
272741344760815
9727339753854
257537994069959
85491008099516
52297554690097
138510044467358
165336123149166
147669142323764
159985821089251
137005556017300
281166708020023
155363850706471
253401079372182
235253824372041
162990092317383
157331145987337
204939099881601
33402340727336
137018365790122
69214212887051
111377316816136
220231655126810
114109819972353
125927804631152
16350839229438
6903916755333
116110516600420
32981929941506
23097467358971
134266912495987
196136731465935
154392163174212
81288744606643
142284557908838
160603473511470
22221990491490
122262665250716
226345245751789
99791976615481
175752643205830
36200846085355
4218051276270
223882637332260
73520935991565
53099915314534
124497154483895
210348893680742
32080171054182
90491706821980
135064854531239
164977596061420
151423905138022
5241036466357
175789446322243
222916264374073
26118139200612
22494207731675
128891681927756
165422120583516
135177636532571
152209626883937
233791796824354
250655463391606
169674523218197
40970219456268
114666327475562
70939681167449
246231932752576
31718995314595
101796452163156
234544394150379
183578898363248
15678587062792
211894438507956
261705438921509
27902154073479
126815186147994
207933867171258
163894140834765
204359773614992
174776561250318
42356364348186
177553412934121
108385166608704
222649295076237
255820018649052
240897030621907
148040747408666
30707621281366
162640933837413
232417557031443
170831041304495
266015597902807
14030370385967
41948202463640
12610776467185
219806613211111
164419791851886
58330582286957
58473313749645
196560226996614
113861029337002
258600399193097
206926320088903
159522741979240
228173431326157
96064916159941
117949599974209
31312609829003
226348496951893
59446711544290
146097184370037
55261267238643
257233637315934
25592880983599
236798532656966
169470232587203
86077116340710
109669446812172
252692748891612
8410954545458
59195312725549
34430854135603
270805244560980
256999728206826
200455921875515
262371570913685
145698865469126
87200106510686
199602419868627
211891488720890
80209407271784
16136022095230
26006364828686
243206386939079
157500917306373
148418735298191
43430917481800
225862732644391
107208702166896
280768488767585
37718027673352
132448351146400
105549169998347
49881949183315
71286019469893
265585201560031
126312061870749
54735578062944
104263026672908
85967555858117
123321650084436
107292593319347
147627536701304
139290123533155
168285925774888
32484635425524
50651377746418
6142165192917
156645813221840
134061646142154
212262003360175
179763070673589
275800404429309
71502358302068
155019909933629
113841056113561
233515257994467
79085362950189
208885033871228
180147874799834
57252433409516
177664735655090
154803564190329
166489048052178
122701069220684
31093201181138
109475857301825
50743496334967
190014947647331
56499525584989
274098355298185
219470273724967
146693860695420
21465471702394
229027957233484
170250103687743
140677937575598
57537288154323
176366952718934
213426474154474
115619375976122
161788336114277
271123772772525
118084494398868
209143035084809
262614068411708
251765660064879
73094888597729
73630648302313
4996691603761
26350557329632
28600009600607
201033324490867
253644008789337
37875452365450
227685042462848
240320730030203
100945052017845
119371707338401
86088510186625
96189576534446
55324834574648
258658568641676
224221731779431
112273684856339
171785295686772
157008384082697
262705923972163
212904733882363
74265631401359
53730368041361
232579751158035
264864480304614
41744789942715
267112744178328
192884020543963
62365687237224
57661748355385
123621589500349
104837204485220
182360560795326
3865250568007
95164586203098
171316748225570
250475870207972
138806380108764
177949464452432
15437316842741
152920029397841
14390040804953
7482471500401
40277849819222
275053036193199
83327656101222
201048780733067
203617655830924
210377202460064
99021203590439
12423169295641
175672683922335
249971785829623
140089689697383
159842990934298
273034513688740
22073570575665
121521254731318
102739493627123
32996823049023
253764603777005
66629703817379
215080142613750
155038404409162
73906568184979
50090869203262
183343465192190
278517045033442
75269254576799
168537234551014
68629728469913
98770875489215
224614537846277
206019239860876
75331044338125
107024383177071
9979936110964
189447850522962
4603053319033
139824174244783
262587101412237
57019791676879
268563176660123
42461831816452
267167101366445
109943564225912
280551934537774
74073915347361
213821527496404
56275558699210
15934481687540
198674391613099
193265738673600
13772256186592
63719123851670
123285482158536
119890220508213
35565666015492
258366724142416
265305048280008
98559166446363
193143631635032
173221011543735
117646707935793
84881855440584
256852096187449
210594207249447
4088041245112
259696172391333
257778394272411
154630861952804
163283984121282
211606876733848
259268380966799
91185525698165
120750696534768
226160550652225
89843703921123
177423965334962
177452434213566
86937454941322
24204923799373
254968515711532
201449653057920
2353859450798
42740464486852
201876300018577
41477655307707
170528933666871
209198935978552
261678324676658
204320058807513
264514886734612
280105012518998
49823820111019
265760045241384
242738090169995
204719603754790
130267233506258
4620587750034
83268887122645
271992332465251
6367767679709
219152237077942
38702607263833
184112515023951
232540632810409
196525219785792
274710614551042
21623598976592
37271337597493
213091048859782
178074488742541
57585730185263
272523152682708
98868559196030
100801189212647
52595917954434
15277606030909
195632534943321
245072506683676
174214112506894
262225036348914
129295134479968
271714465251287
138645302889311
99132590737714
230700060551840
182205636932578
118974946813760
39572320963227
40971994239118
272427517625485
45414232945002
211542498917555
261289177749386
164223497384480
267789907518320
125200586049178
224491545682361
46388205961771
171367807982410
15611561313486
261688326433629
190593038085299
55124444162389
22193227084941
70848639363346
44404914311167
158669844906599
268066216453548
25261530809926
121210512388659
215401422145229
14313082393828
82418827886248
266784947721687
66640590925714
183800842894442
201864190885587
51640411352317
228620363698447
18638174906044
152571153868134
22238693431557
281369396373223
118767722344841
227632314899004
139263336616226
124609256620744
101511971944053
56971987742136
147548327378376
44756641778387
206533974794612
101363572681009
107989274869858
74259958515385
204958177088717
171137142812199
46559641267381
266095639020638
10777270957114
242977190776589
79803452319569
225269662547763
264877469069143
89551754544039
97906432031374
64497350272982
43989706487601
56674826127879
254063466118027
160918328969893
116252735186323
127618529233700
221022197696125
230318446352079
27145004499995
261936914970670
128769897813040
97435908705410
148767799061098
231302186504237
30228085547300
94203908756316
65690390266400
124160151424533
132965251690316
24042846714743
195179904777379
260675915571558
14590273885661
168311909593025
131349873682610
109061503049016
214584281197629
243790547395850
103465915525785
26432874394304
242078332483604
96851993328807
176877424296099
175413774937941
44285231900635
39721918157613
45028186500982
15649805428063
183094335442980
82732405364964
35769975147503
131292439484557
171519254164597
11889485779040
254784033936933
130076113263424
178102018027111
196166163716136
169917849789502
71509101919867
153960591498143
172286010739986
179487827363344
144605107621245
257562364842087
3897937419248
52086960974932
72839062231452
164417451775172
162856454390085
80740433692783
140374941754250
27091607732595
51841753392435
26807228583099
170293619379070
111907879841624
110644887618278
222284358031910
268831848810760
258270838715899
12247431340932
23342694421894
151357092492798
181176731328834
67460680917156
43924912889808
43654782116836
270500866276103
215854623587721
102290108702070
271581349758414
235165123308154
137605602329752
222428331162014
35639570321054
166381253951942
223584772615433
18695693748848
108980710005427
5469961537797
153109324416184
203364489115055
39630158678220
180780864254803
189042531195903
174997113266100
104694606400726
225837456216340
109030147673698
149597438748519
137443158625423
235112596925075
81578498792880
119594482315086
113830580413559
232911598482244
256563789632385
104837823285772
234808930732781
252611928712319
279580256051937
124899115172708
215022743573657
278113620552319
171526313683192
60493000403947
174084376608724
140503034331831
214110975972927
82741684603588
261952564234780
65155598709554
229189138041432
70871534271129
193153795419835
93639744144704
141057814165982
198362355689742
106002371525032
108322507842585
185564105263850
210213531009267
167701096463461
172689598907942
76786504893719
141865171788020
251839790519960
228157778309672
143967918203774
77651488640718
122954164533032
136634043962338
249240665146089
70709630211388
91923685255631
188791026461092
66865066754540
66915642762524
121356355930008
83060266411795
184815777711354
141591729822014
242302193513342
269174771437824
54541495298113
44272012705874
233178059375786
160145369270403
172898792198669
165311198591279
85803492506887
77550579412057
76007270203084
153731641520686
179029678459406
98818113946047
209836457448038
44059463615475
91506581799596
248779565685268
110204012818122
245536148706073
255600456594941
83518824527792
52637555779851
183595860000112
196511629628683
269397106402172
155780304446949
183183659928947
201575985473450
161778290570683
119700766445594
129140214413952
72044729822507
57877569501555
50114512858382
58580940934326
158438075626016
65525754660824
134863940026827
206671399831940
31277010188251
232474429044693
2664820248431
148614642707787
190317041937309
278239883043311
130668883854604
67951148633112
203648243386584
168035058171241
198441879690516
199299463849400
33904115806358
6209135084321
114528673214297
244404773463639
247156216421789
190455535507518
270169532491515
19067880780675
15575538855167
184118013738588
103251846957349
4758846903790
11284451395139
37905836375802
8895955228377
74707338316880
22199843336260
84810926548259
245021440295739
93444795577663
249871297935170
50252874890314
218277996254667
199776428486272
259438053236396
73039653620438
247580604865951
278909903741801
28916759481392
108890186261604
131938942573167
200579568611515
252522782277847
170415726682848
190410512157683
99440055964742
203247156993441
254814755463796
4494323910142
171653552445114
109677593227000
255112230322587
68319575835150
176652937335844
241015251833881
213413003366666
220251142636764
67488708317324
93133984574588
248592661765605
252881118088523
256768913598671
10208233348066
233997994309643
18848612008359
265514531131568
9934489571067
21100770633980
46337453612469
631975176149
198117542519873
33952644576397
97725226292210
160439413756497
26772162345024
47158511938081
99747121169186
259571404192141
255125440570931
33304963701385
185527198334892
67349491076557
169654320637481
102168017063973
76836129431336
159667284918608
170872374068201
115016665103481
54801678876430
184809564982108
114146636216714
119739271327883
112149389304137
218643627339020
34261163508173
89484792859997
19275224910182
192781182812299
38860975999214
135173788188321
68922519787167
268300635621859
38035918939192
134446352338237
28746671833784
173057371785967
32251913385575
170643526672351
207624303462850
12536353275638
136897254057304
84446308543042
26632426940433
14935374395774
134380453621437
254498168761452
260764220024022
186280428950621
258933832990409
6832206520752
194910411548096
188702325462097
1913294913964
8809320794758
74801428216392
140762058316318
85295623114623
41660106108192
135318329006714
97141933435019
69102968507470
15499232110811
180296162449769
237343203305677
45569197863756
204941531306014
159504806844647
229548292546166
163194600217916
169686255013793
197562568831406
230209943884661
258640255295835
266225967221823
50025595307426
152865289725107
131405475076820
254917239305880
67330682092592
235598049568675
147851954785019
249663248471139
196807397844976
165229633475070
74046798149502
173853543739507
75929144290299
255854118103590
197654268025477
123597550895979
69623259918668
53056441073520
104018485083393
83009187852449
59865176423062
222231192208688
188544693576063
117615297393953
186606711050066
65183022118024
106641343481847
160149072255320
31210906430922
233420767802782
214197128885281
26728303387699
118148660598387
175242892636611
100053880785102
140611168450469
242588161452506
183624801335708
223905543298222
204089988220612
10786380358302
133024147408945
262905417255403
257038909875668
172234951588946
208778160832379
159853070870604
236399942700119
128086369766776
89606016353173
279382940192230
79300915088060
95614290350430
118948628184193
20835441401605
7388028451864
209202422056814
12711684834703
219975282789989
176449519377597
58767146322909
236461782209246
249973074337267
24653922999240
248325279420082
276772822463762
182237288757994
246414232650451
211068539173714
94043442386894
238716203849686
101380216612845
99084741602243
27041993215909
244617011832307
54823607148279
39050808300054
201151179901458
110984722720460
78196062957591
22493042713418
103998668734824
192342922433220
216592821632277
20024673013863
90715027965939
70217647020950
44204659604606
154565728003611
62033025197599
54568366443559
194362650036264
262612269561713
165075408023078
234248131452650
248001133000764
63099948344787
184216128810630
268450815960643
105466797236477
250333816848312
274421749302869
1147283948559
188998876311852
55199101914634
159098540910066
60885975632574
122730761254943
275587732104890
197175444408924
181547659035166
249283843753688
50738374328001
128161296314469
127875574151652
9656641281881
190446142435216
212856755631689
132160188882884
5175023617523
163400609672115
66780187553899
140084259130084
181455023608301
86293272018503
144217691773865
142704612522439
87891289863141
165161114897586
247140562771934
2337042201904
47354258162169
20097825735918
156744297511507
187897403233864
21635546029157
211040416497784
172176986731201
95991321955659
275663798078617
124581069426455
140361824098340
82545332945163
98266448630695
104093966974486
201179046240733
63202806074859
32740034860138
210979729685092
135237083484224
44411023245893
2972578783100
190624175555273
43659801251072
136027145388870
246191983190347
275409795971751
114549696385314
251867605678475
66125457873266
120071873601622
281176288699161
226415533154228
67050909826933
120883068050128
121845603760799
233445056657174
249260248265737
172706308233888
253267019121667
94127511997386
138988959695241
79691323749943
276952074789358
23731689278509
140837652843815
86202552057690
272736048409382
42435886934333
82274705578314
161927475460148
61487401351835
159340004233942
160864595514431
61187747454961
267611663377415
14489735539320
97840040198110
31627038466411
96577150412191
245694179781627
269330124696968
35752076988253
164566126579323
265226656525118
138559880618156
265772742598168
124518170487363
37885242806772
228410869930653
133015366114425
31319677232972
62056053892549
245559854879819
150284682813925
239422352600361
61017177151709
130265095058119
110916817665082
483132084354
12353044983130
167357924943866
124200387912306
68228561530848
128420702685837
220056399614765
8095518359040
224818598034398
53422652776927
45497130028752
182960956725396
197717594306988
273474771196563
139145280356240
20108528656475
175101384329802
243315219782758
46751167099542
162415048651778
101664482264308
103974094310045
257217145959564
157063254303493
119927152614684
148868067025298
47305867846544
146131079149241
30541875646335
249800242018418
147128705863884
244179564220594
44414871398750
148055848245594
123473632011176
175848333100436
19935917689484
242533046373187
177689432300981
154755012912296
215613124984786
158291827621978
42082997020994
264536673741942
83875448645995
254252132275645
46005309136543
8817330948829
59220586931933
117904130214856
87544099634960
6274059218473
245694449413709
262003084213643
22793054840426
277546717843919
245115260278285
26244065667155
277661077048709
127247623042406
265713929257869
198501857661435
12930379978023
118581095925069
65559480026256
34578595455099
199626950167822
112621180381166
240346354156233
280366389909267
81266906023745
252774078305116
207292270839780
11838887034108
276452753113739
12343186537095
174043110929312
263587745641095
77510259049443
21540593549903
124709483977245
104550865027728
200881872839513
247079360651600
151369825585766
150980990105365
130143335733061
266814427512599
66904428135979
243199764375193
244496847623575
177143223817072
22023909456749
79672711503792
41283793407398
137853965576844
169657289228912
207046120569568
27785379594932
193019452017828
276334633363814
4914650388949
230311325625643
200841701207704
46199187618222
11719493995280
81796112798415
239797984633669
199294408937743
223970752405649
945607883920
183627744836401
185224333219565
93597654702258
197047331770479
35092112325515
82406643790400
53971510929676
195663429876345
123778562137907
280012146300801
170018410672310
125230430324504
126591694300291
250694170946169
126909996713922
4974321760875
253271533354863
45778101405222
169607980639666
246880262293871
132430890610114
209411574150358
20494884621437
71360947908021
103137399981183
150146903758466
35916461794663
232927698096103
231975020997636
40881735375898
65783651030489
94128755221600
177901047184138
125993378922488
122316028663257
75266129640403
128197490267140
242199706439102
11821004619017
34109274995167
127358305839196
129320216893123
126773969716251
216214190348058
85436564583568
144418957099397
15511381604113
246211526745411
134448357684949
248195869097032
99230056656700
150741374477668
54424944212009
58601360521704
230442195574964
258183598072920
134030521386487
58483807428317
244741081619751
135418744228635
6742616062630
33400739231396
100192420368472
211286055993489
204852596418099
4298295898481
258916669858384
166362158041583
174124560960660
264464873549458
60269696537406
84446129842112
208980220584939
212514735705266
11073154708019
108574746070855
78693063405571
84189207207088
81884179157040
257687552936506
5964481821580
210646117157777
158886757696177
99237068475252
239307719849018
153402278484150
167439762413031
228253471789492
51519274864092
192715263465347
114301701516490
146009375330737
9747493586834
186746974153132
109619914393947
233152209933415
264476685337293
157631928970376
222390226495829
128895941688824
172357755587471
4717859665037
184159370371931
159312126578585
196216644146633
56604029235439
54071114118779
184187983127253
60154399630843
158352090888334
144497945690157
36233062505377
138360311601491
139333850388808
13952146539536
51749996266313
83423262970709
95415588238211
73092057468110
79152652032316
207829362261356
260516833701496
96815906717538
147149480195424
195118555997867
229769141103829
189197133794890
84705607554354
77647399695172
256197489691211
17551425182474
193870791643743
28533244697373
263840061036161
195249322194717
280320236301851
208602241444478
63167662345532
162341170820930
74237908102675
124152772784485
260715937575713
30240823891922
277768960402296
35415928110067
218192315269211
173517802382287
5133909604877
60454336205302
106861055996566
98830578695509
159890577134042
222040721630201
28796661532285
110209344426981
242952906821141
153758510536152
5321858408702
44944110939449
91941533577797
33214456764044
265303199619546
262562350402129
251550767813790
232516636161283
116379259524186
103662236855370
27575741580642
13437673640129
121214159596920
163461575406009
146759907661290
26398765789282
124032218515593
167333498366941
185259560740436
242671047303465
123688671265782
119050775002585
38612409566123
247242188998251
173481576797678
243365369944483
189938474036610
10140320588225
221671115974986
148487661404243
168947918832040
189665499604057
135349441455838
273820937808999
255832441975550
97105182974223
113557471833712
175354956290752
262276370499543
65934050176487
130705457209534
104584752548613
106134687002188
107481579244765
219920048296846
51026013804235
50135433747928
81795971378947
121000308724531
74137902578092
155887509625272
92553020060875
122568011293308
93248909121228
279795893680138
187406534944104
81114655004931
198276945972888
209833767186837
213306867797034
91636238479110
67371427273220
150573716164247
7008883707881
69088844542185
266964597294669
222962303264615
81165991598268
238586497942281
180794747529876
69074094884133
126708152346125
237829263580986
142231890145031
21502818957945
258698171338
176294517840889
43794758207561
93280893793260
193307458313237
38881829750950
69542413958338
72598895824051
215422475727868
26830855182256
118193616539335
114647355219107
201650080365064
268022198430049
166352355149992
211238084161093
91828924344507
271174744204360
43223781390251
12735625484631
27528147602058
26233861655282
131316376443901
19121668426402
232143073163956
78872319412038
21179766361046
238662746084424
101224787969529
15546944729681
58377535631194
198271009586257
234028499691680
12097114986685
21476431687395
21764181990811
121534131848919
39504682702714
105290797588071
182909204269508
231202309886910
276791498061955
206696909692141
239617595460840
47790480892462
106810119062655
107775124999086
125760757194595
113911981858317
32747240832399
250150878169765
241234394217471
93634889366176
130796182835438
12650338111989
176392503128847
266717987627327
77605692692674
235337926830419
269060688547868
166690048418390
16438428122864
153108634255833
94778929554671
150679588322087
216193559303149
91098075121380
187033304114935
242513268885999
63796340393572
275752508434231
179128147660994
178960738816762
202364028760197
79022548616388
159255389729483
38137062020422
216721837276513
115160988079943
103636301624310
87318069261376
169236653533181
265066726188370
188476430633282
117450066698930
116743218779974
153263048120914
174754218209438
276290590623310
61944856855622
189160361202052
24449355161034
66524325566558
38417261770572
148049154623751
75710814317591
157227183036224
10602485961135
164747851476576
125444691851813
245430820410679
7590536869672
136434298724789
160683341496685
144686347864490
145258837551740
73850219253367
217586476076035
197549912135692
149675804707155
274314723728922
263583913562428
217226652717217
152225873772032
169228846417375
41082003252271
162168734813084
151397180266317
214586349044394
9852719365221
109380464763339
126922999915134
266566621936247
61546343335701
251254678416938
230735114579527
37596771120994
265081546100194
118249938896688
224881926796790
139932270428648
14553527960853
66090522835168
92179663310686
107358057903782
270675073368104
177139752364946
161772805986946
91208911983947
98724721097324
58217661212956
197124579765784
179406753133621
245703192769760
192410542135693
126543707742780
208391582255700
5504675284544
198694383660188
129115216745023
234953652222336
106551384650072
6672072794453
272442020245831
57897100451619
177310179790968
183682051912586
2996348330800
5677082278349
277869567343690
234462887814052
171942115062070
27200964579260
35313474483680
153076997524021
56323555040090
21613705127817
210856786782650
100692748597555
63278778487423
23093257526943
245239297875868
134149279584018
161249995948069
206005341777938
207555799082627
125226851033085
83886287316816
228681784826557
67056074632354
7558355954411
196494613611223
58455459356045
144960910102414
106258184179573
91133177293196
265163944891463
200816536351725
243871832093887
273373407574021
263640600173503
16670567265301
120366616602678
82744363341859
77132357987795
37227084418960
80321470960093
96183920443892
207437137421594
260533604401612
28250650150564
28771149759879
220477867288031
270257250269071
221891249498568
279514394792150
156141613890188
164751236180061
36609114778729
11739820685079
10706864085044
77043579424384
5924833852991
148598554951314
233649866316457
103651624666208
256442338058282
215479349760547
114329341330333
65306072071308
63464298074730
108520218234414
236226670905714
160450047064602
118295358053974
201673359885274
156057997767199
47511458882046
119439198687014
128873837151010
6800562829898
18916968095002
192163197278035
241121719167452
139665708604351
60469392934765
15812572506467
110294805156382
89144821707705
196816255615932
12903802754420
197068038599678
249160844237488
109350416893328
25251717290774
54824778993702
134211455518426
155103956738425
93149622448901
44347178932168
81922321717032
154021923137401
269455609233801
226173072073337
272402059484105
204302659652222
254907596782935
131304953412285
30457364411585
46233414987516
34319317645330
219492956534201
277506619072156
85906499255942
255043515300772
27589752232456
129625346159096
160022251563591
275182654350596
154670522208518
98638710740538
166607015881268
211540291519268
237287547816725
245758556450806
176420452601329
252441858907212
529359628706
66997699288263
32402367427241
20475312486858
243111716385284
34029663615036
270869805634014
244635233457681
57876722839194
79100948243955
264270933815548
86324285555239
132607435361353
222014391090398
3632221716282
147522461058832
210434425010271
30043089523277
274459208763358
149487618545878
129321953503930
102947031312197
