238950846627168
160596485589266
213025664626708
175564917197907
277595915920073
110693829166124
156437068211188
569270910531
139988611544396
251108221494230
122120634491355
114751516704014
49469335048510
98784691206256
44532739804139
209245174766396
42661506054795
219220989329020
235965172348822
208678289300414
220539010130632
266218820407253
69380428252603
207677416760986
99761667171807
231633185611562
153431271940119
208736538051659
268444604581564
240925010789464
107186733746626
11643583745628
151138005782602
106935220299367
116599691430987
95010360539556
192501264234131
109943400932980
8931736950731
175554253029763
42204907716881
87529639327943
267997237245769
24468704069885
216297169504877
165311167223292
4122570523832
22783337836264
176641666105805
52048207865570
49010899210895
86038964817078
138638232942150
149213426403458
206267181923463
221898732881906
230602931566752
71018789632604
104144469075355
100946935256675
215203382829083
247595933256491
25208448992880
137990355419326
169478607650781
183871230049641
265176626983034
3856328386426
262639519443307
152578437302412
43193595351317
152964435154885
152886913383736
160388342471491
55712456854280
240415783229584
12586095141418
194906127071716
260878559338547
147548269161716
10432691801952
47280205011417
149712656134471
73363148397613
130565259556692
129396214713721
125685838069141
95550032020047
126901675575886
262267520017591
224315742037299
228842121458541
12237877904500
91786417324997
230611771245263
268807546640054
83436303699906
239025236456704
195253387225760
133995217450127
155784077393744
188968095160233
226940901809578
44813312282360
5221602773221
25921358527142
37791564521453
148967858294504
162102524778277
105716959930079
231879518751266
222691399761898
236236637096193
249046636714560
218077472093976
58287591731226
2524181563692
256015007730803
34927915781694
265010756603869
256058671545912
91879463183499
3950608145449
238862626129933
197441659931948
117389359182363
202838755310287
128666315055324
65776499875414
181357345309701
4800809322366
265881624470756
152775024393115
247903728444593
271505166060195
230447402522913
34284413335486
203136331159359
26211094852465
228944192469087
96161485950297
112302086943242
28102361032063
245464774329983
200650022130424
271579684489299
151988044898448
13906083166000
73583206984855
106776283621200
51241360217409
50899301837342
200421018918035
186936185981264
70958245184625
132077105548475
212972080786461
253699195816829
237371102310738
246520839524145
103037053294537
109907377028109
141533253687575
26925263219625
273639784170618
116735755602179
35494034264600
148220082077486
1923625162105
70125622317459
175345133260199
196894274327198
216484214866822
66477986001539
5414257671672
184129066757789
170099355871137
3155189542350
137409649664899
64748853230474
30821643795485
26513780258091
108124519580559
249180008870573
280792289288638
248264724797996
49811709906092
169790990242185
163660756695610
133973619897197
255296584726500
172624957713153
153052911467203
181341849987611
15075579174893
229484575446844
238190420084297
85726393292219
108417317926475
279198815134384
276228532918861
182930069245923
102290048992750
254510378749971
119578683537945
171787827087667
227716900737566
272183369154690
248873950357145
248088508220788
55461560003985
13532378160057
200774665951819
99483108554973
218869630331208
212722606771786
39447633612561
9607837224662
81911214859337
110270295012002
103215510731301
176814465800927
125935753111957
102272192093974
95183617198534
207436304783678
37650268416389
97551836425938
124155238665206
122749665788370
196796573705077
111944214649297
78444819478966
198064790141132
7055609249447
211605118798063
179697333867179
169727426718057
191074226864995
109687891023668
247504779686294
28310655563001
55961306044320
97125640762352
269622849223903
204524410173068
658126335294
185833941546962
66516488425405
261249607365254
250208315795696
144301665156824
209109905121706
86479655404634
95882909632874
263290563974798
227893179815192
47842780921754
64657792483344
94848806358800
82258832263473
178756119443328
110628141760690
146654929371958
75299064128357
167750822736084
128083735743250
264918472780197
249129157132924
245227034583962
130119881872230
174985029178739
4788061940373
57873842266384
150565290537248
270896127431925
28144709962967
219105214549984
165909263276671
162269350292782
177409380272283
250520108816468
203759416616563
226108720377019
187226784032107
84075409749954
17986297056846
77787558954840
41182398657362
43775114206525
158106550506088
171886004387872
17086504924494
49910373903415
166403309889724
16387996942050
79364332385381
87132691053335
265941456618092
174545778025324
82089435370347
21084651253584
191195174907778
248900526610135
7736780763518
197461918834719
37823744910881
180642804168593
92991159517115
83658187923909
120765008718160
217089473711115
80416294389290
280810702332192
228827625615195
224007735971972
185717696063819
268914937041804
278063361706320
201335713920493
216859918838753
262222704352778
242886671237526
187508449566941
245615748710936
157970237402497
143693659452605
153990495172956
172019022672343
145539402126784
101343768001826
21762025675002
172538211542029
9727339753854
85491008099516
52297554690097
155363850706471
253401079372182
204939099881601
33402340727336
137018365790122
69214212887051
111377316816136
220231655126810
114109819972353
125927804631152
116110516600420
32981929941506
23097467358971
196136731465935
99791976615481
175752643205830
73520935991565
53099915314534
124497154483895
210348893680742
32080171054182
135064854531239
164977596061420
5241036466357
222916264374073
135177636532571
152209626883937
40970219456268
70939681167449
31718995314595
204359773614992
177553412934121
108385166608704
240897030621907
148040747408666
30707621281366
162640933837413
232417557031443
266015597902807
12610776467185
219806613211111
258600399193097
206926320088903
159522741979240
96064916159941
31312609829003
226348496951893
25592880983599
236798532656966
109669446812172
252692748891612
8410954545458
59195312725549
270805244560980
256999728206826
145698865469126
199602419868627
26006364828686
157500917306373
225862732644391
280768488767585
132448351146400
265585201560031
123321650084436
139290123533155
212262003360175
275800404429309
155019909933629
233515257994467
177664735655090
154803564190329
166489048052178
122701069220684
109475857301825
219470273724967
146693860695420
229027957233484
170250103687743
161788336114277
262614068411708
73094888597729
73630648302313
28600009600607
100945052017845
119371707338401
112273684856339
171785295686772
157008384082697
262705923972163
232579751158035
264864480304614
41744789942715
62365687237224
123621589500349
104837204485220
3865250568007
171316748225570
250475870207972
152920029397841
14390040804953
275053036193199
203617655830924
12423169295641
140089689697383
102739493627123
32996823049023
66629703817379
183343465192190
75269254576799
68629728469913
224614537846277
206019239860876
9979936110964
4603053319033
139824174244783
267167101366445
109943564225912
56275558699210
198674391613099
13772256186592
63719123851670
123285482158536
35565666015492
258366724142416
173221011543735
117646707935793
256852096187449
4088041245112
154630861952804
163283984121282
211606876733848
91185525698165
89843703921123
177423965334962
24204923799373
201449653057920
2353859450798
41477655307707
209198935978552
204320058807513
242738090169995
204719603754790
130267233506258
271992332465251
232540632810409
196525219785792
213091048859782
52595917954434
15277606030909
129295134479968
271714465251287
99132590737714
118974946813760
211542498917555
164223497384480
15611561313486
55124444162389
70848639363346
158669844906599
268066216453548
25261530809926
121210512388659
183800842894442
201864190885587
51640411352317
124609256620744
107989274869858
74259958515385
266095639020638
10777270957114
242977190776589
97906432031374
56674826127879
160918328969893
116252735186323
127618529233700
221022197696125
27145004499995
30228085547300
124160151424533
24042846714743
131349873682610
109061503049016
103465915525785
26432874394304
96851993328807
176877424296099
175413774937941
39721918157613
45028186500982
183094335442980
82732405364964
131292439484557
171519254164597
11889485779040
169917849789502
71509101919867
3897937419248
52086960974932
164417451775172
80740433692783
170293619379070
23342694421894
181176731328834
43924912889808
43654782116836
270500866276103
215854623587721
102290108702070
235165123308154
137605602329752
5469961537797
203364489115055
174997113266100
104694606400726
225837456216340
109030147673698
149597438748519
137443158625423
81578498792880
256563789632385
252611928712319
174084376608724
140503034331831
82741684603588
261952564234780
65155598709554
93639744144704
106002371525032
185564105263850
141865171788020
228157778309672
143967918203774
77651488640718
122954164533032
249240665146089
70709630211388
91923685255631
66915642762524
242302193513342
85803492506887
77550579412057
76007270203084
153731641520686
179029678459406
209836457448038
83518824527792
183595860000112
183183659928947
201575985473450
158438075626016
134863940026827
31277010188251
148614642707787
278239883043311
67951148633112
203648243386584
168035058171241
199299463849400
33904115806358
6209135084321
114528673214297
247156216421789
103251846957349
37905836375802
22199843336260
93444795577663
249871297935170
259438053236396
73039653620438
278909903741801
170415726682848
190410512157683
254814755463796
171653552445114
255112230322587
68319575835150
176652937335844
67488708317324
93133984574588
248592661765605
233997994309643
18848612008359
9934489571067
21100770633980
46337453612469
33952644576397
97725226292210
160439413756497
259571404192141
185527198334892
67349491076557
76836129431336
170872374068201
54801678876430
112149389304137
192781182812299
38860975999214
68922519787167
134446352338237
28746671833784
173057371785967
32251913385575
207624303462850
12536353275638
14935374395774
186280428950621
6832206520752
1913294913964
85295623114623
135318329006714
97141933435019
15499232110811
204941531306014
229548292546166
169686255013793
258640255295835
266225967221823
131405475076820
67330682092592
235598049568675
147851954785019
196807397844976
74046798149502
255854118103590
197654268025477
123597550895979
69623259918668
53056441073520
59865176423062
186606711050066
31210906430922
233420767802782
26728303387699
118148660598387
140611168450469
223905543298222
204089988220612
262905417255403
257038909875668
172234951588946
208778160832379
89606016353173
209202422056814
246414232650451
238716203849686
27041993215909
244617011832307
110984722720460
22493042713418
20024673013863
90715027965939
62033025197599
194362650036264
268450815960643
188998876311852
159098540910066
60885975632574
122730761254943
249283843753688
50738374328001
9656641281881
5175023617523
163400609672115
144217691773865
87891289863141
2337042201904
20097825735918
156744297511507
187897403233864
21635546029157
211040416497784
172176986731201
95991321955659
140361824098340
82545332945163
98266448630695
32740034860138
210979729685092
135237083484224
43659801251072
136027145388870
114549696385314
120071873601622
281176288699161
226415533154228
121845603760799
172706308233888
94127511997386
79691323749943
23731689278509
42435886934333
82274705578314
61487401351835
159340004233942
61187747454961
97840040198110
245694179781627
35752076988253
164566126579323
265226656525118
228410869930653
133015366114425
62056053892549
239422352600361
61017177151709
130265095058119
12353044983130
128420702685837
8095518359040
224818598034398
139145280356240
20108528656475
243315219782758
46751167099542
162415048651778
146131079149241
249800242018418
123473632011176
264536673741942
46005309136543
245694449413709
262003084213643
277546717843919
245115260278285
127247623042406
12930379978023
199626950167822
280366389909267
81266906023745
252774078305116
207292270839780
276452753113739
263587745641095
124709483977245
200881872839513
150980990105365
130143335733061
244496847623575
177143223817072
79672711503792
137853965576844
27785379594932
276334633363814
230311325625643
46199187618222
239797984633669
197047331770479
123778562137907
170018410672310
125230430324504
253271533354863
20494884621437
35916461794663
125993378922488
128197490267140
11821004619017
127358305839196
126773969716251
15511381604113
246211526745411
99230056656700
150741374477668
134030521386487
58483807428317
244741081619751
135418744228635
100192420368472
211286055993489
166362158041583
174124560960660
212514735705266
11073154708019
108574746070855
257687552936506
158886757696177
153402278484150
167439762413031
228253471789492
192715263465347
109619914393947
233152209933415
128895941688824
172357755587471
184159370371931
56604029235439
54071114118779
184187983127253
144497945690157
36233062505377
139333850388808
95415588238211
73092057468110
207829362261356
77647399695172
263840061036161
195249322194717
280320236301851
74237908102675
277768960402296
159890577134042
28796661532285
110209344426981
242952906821141
44944110939449
33214456764044
262562350402129
121214159596920
146759907661290
26398765789282
167333498366941
242671047303465
123688671265782
247242188998251
173481576797678
189938474036610
10140320588225
255832441975550
97105182974223
65934050176487
107481579244765
51026013804235
121000308724531
155887509625272
92553020060875
122568011293308
187406534944104
81114655004931
198276945972888
209833767186837
213306867797034
91636238479110
7008883707881
266964597294669
180794747529876
69074094884133
258698171338
176294517840889
43794758207561
193307458313237
69542413958338
215422475727868
118193616539335
166352355149992
19121668426402
78872319412038
101224787969529
58377535631194
198271009586257
105290797588071
206696909692141
239617595460840
106810119062655
125760757194595
93634889366176
130796182835438
266717987627327
77605692692674
269060688547868
166690048418390
216193559303149
91098075121380
242513268885999
275752508434231
178960738816762
79022548616388
216721837276513
115160988079943
103636301624310
87318069261376
169236653533181
188476430633282
153263048120914
66524325566558
136434298724789
73850219253367
217586476076035
197549912135692
274314723728922
263583913562428
169228846417375
41082003252271
214586349044394
126922999915134
61546343335701
230735114579527
37596771120994
66090522835168
177139752364946
58217661212956
179406753133621
192410542135693
208391582255700
129115216745023
234953652222336
6672072794453
57897100451619
2996348330800
234462887814052
27200964579260
153076997524021
21613705127817
100692748597555
23093257526943
245239297875868
206005341777938
67056074632354
106258184179573
91133177293196
273373407574021
120366616602678
260533604401612
28250650150564
28771149759879
220477867288031
270257250269071
221891249498568
279514394792150
156141613890188
164751236180061
11739820685079
77043579424384
5924833852991
148598554951314
256442338058282
65306072071308
108520218234414
236226670905714
160450047064602
18916968095002
192163197278035
139665708604351
60469392934765
196816255615932
197068038599678
109350416893328
25251717290774
93149622448901
44347178932168
154021923137401
226173072073337
272402059484105
204302659652222
254907596782935
131304953412285
30457364411585
34319317645330
255043515300772
27589752232456
160022251563591
98638710740538
166607015881268
211540291519268
237287547816725
243111716385284
34029663615036
270869805634014
79100948243955
222014391090398
3632221716282
