8264703,1
8713623,1
26276859,1
26484175,1
27194025,1
27905466,1
32209495,1
33848378,1
35886541,1
50381881,1
50688849,1
53815282,1
54866034,1
60975052,1
61673048,1
65348353,1
75390012,1
83019021,1
87624014,1
91675892,1
93289481,1
96198130,1
100041341,1
102874632,1
104812720,1
105321867,1
108655817,1
110278528,1
110507344,1
115271771,1
116429755,1
117286282,1
118360577,1
121318751,1
126837628,1
127588095,1
146556637,1
146654916,1
146668200,1
146835745,1
147615847,1
150592548,1
154289260,1
154606057,1
154824772,1
156822966,1
159374064,1
169660931,1
169859367,1
171778968,1
174906694,1
176258242,1
178086079,1
178436741,1
178871054,1
180828873,1
187263797,1
187609815,1
188351587,1
192418760,1
192734429,1
193102160,1
194913990,1
195805052,1
202267452,1
206055142,1
209158401,1
222170761,1
222329944,1
222815474,1
224849060,1
225947859,1
227023597,1
227104646,1
237574474,1
242878731,1
245934481,1
246209747,1
246808812,1
251426884,1
254693089,1
254839696,1
260302946,1
264425091,1
267269087,1
267507893,1
267789728,1
271023484,1
272374884,1
274416329,1
274990305,1
275753215,1
277784697,1
279688893,1
280409396,1
280722793,1
283261510,1
288190048,1
297135336,1
298478170,1
299878257,1
300129367,1
302869304,1
310050312,1
322304573,1
325637099,1
334941208,1
338411911,1
338923006,1
339972341,1
341067441,1
341165672,1
358066379,1
358138185,1
358387950,1
361739092,1
366315104,1
367016021,1
371799902,1
376028117,1
377269886,1
379101712,1
386698600,1
389023725,1
390159033,1
390345144,1
391231816,1
402671324,1
403494131,1
403655663,1
407848430,1
411660928,1
413610202,1
413972780,1
415693165,1
419379326,1
424800740,1
426711955,1
430365671,1
434659594,1
436149055,1
437800235,1
440142752,1
440604078,1
443699362,1
444001845,1
446740325,1
448976352,1
449943607,1
451637719,1
453538866,1
459625222,1
460028216,1
461894494,1
462524822,1
463169189,1
463788607,1
465532435,1
467554528,1
473378632,1
473606287,1
477234809,1
479389719,1
483865903,1
484534841,1
488919411,1
493836051,1
496756955,1
497328452,1
504520496,1
508362269,1
509707858,1
509745862,1
510329964,1
522760195,1
522795721,1
523782723,1
526660911,1
526977776,1
529738474,1
529753643,1
531245106,1
538766771,1
543268629,1
562036278,1
573138166,1
575285667,1
577097781,1
581685157,1
581888358,1
583656889,1
583967487,1
586275045,1
588075369,1
590846608,1
598246307,1
603029778,1
608255149,1
616526268,1
625031019,1
626339741,1
637597144,1
644607191,1
651003137,1
654240762,1
655085531,1
658871276,1
659583424,1
665528729,1
673526084,1
675347337,1
677864767,1
682059223,1
683125625,1
683884880,1
687684225,1
689141496,1
689223691,1
697364166,1
698088705,1
698265621,1
701883639,1
702596671,1
705322684,1
705820785,1
706602757,1
707053711,1
708375566,1
708721154,1
709339942,1
712148823,1
713804506,1
714721769,1
717244866,1
717320052,1
720386308,1
726242011,1
726718481,1
733976499,1
734178203,1
737203963,1
739521277,1
742671655,1
743414577,1
744338799,1
744541799,1
745965706,1
751501773,1
760048671,1
768578084,1
777180973,1
787896922,1
789759910,1
792582166,1
796224186,1
798713773,1
799037499,1
803130962,1
806986857,1
808370823,1
808939678,1
811299227,1
819556357,1
819690133,1
823884110,1
825690832,1
827279254,1
829076517,1
830668318,1
830690443,1
831407409,1
835544864,1
837168258,1
837727334,1
844303563,1
851695072,1
852918999,1
854116106,1
856808662,1
860669619,1
862638253,1
863978321,1
867036895,1
869527661,1
874215730,1
880517009,1
884763618,1
885349487,1
887226072,1
890900717,1
895853008,1
903219453,1
903249092,1
903669618,1
907217745,1
908877348,1
922492103,1
923564528,1
926233925,1
928131429,1
929500382,1
933075164,1
936201299,1
939050663,1
940701851,1
940857718,1
941131288,1
942615776,1
942952452,1
943568795,1
948245034,1
948967429,1
953585030,1
953718597,1
955049195,1
958228198,1
959916286,1
962120049,1
962614151,1
964214726,1
966775199,1
968305142,1
975033642,1
975258901,1
978070867,1
982299277,1
987058389,1
991566113,1
992893661,1
995632459,1
1002887023,1
1009881948,1
1014196308,1
1029416392,1
1032513984,1
1034805825,1
1035902579,1
1043562783,1
1050898424,1
1065344433,1
1068725161,1
1072308446,1
1079161931,1
1081108256,1
1086955232,1
1087905599,1
1088675114,1
1088854352,1
1098125924,1
1101745897,1
1105444833,1
1107449997,1
1107905072,1
1108959666,1
1113443869,1
1118339851,1
1118838963,1
1123247168,1
1130658284,1
1135177319,1
1138144104,1
1141589906,1
1143029381,1
1143364355,1
1145519935,1
1151619985,1
1154247915,1
1154780517,1
1154924059,1
1155626003,1
1157225708,1
1160291173,1
1161236228,1
1165357540,1
1166358001,1
1169567864,1
1171216312,1
1174136050,1
1177315202,1
1181098320,1
1185588306,1
1186618419,1
1189280839,1
1189381056,1
1190760738,1
1191531607,1
1192649359,1
1192972458,1
1193485629,1
1194400862,1
1194652849,1
1200379445,1
1200888092,1
1205089754,1
1206383312,1
1210625435,1
1224335645,1
1226537542,1
1228470659,1
1233995324,1
1235516601,1
1235709666,1
1249461283,1
1251667674,1
1256092655,1
1257985474,1
1258586848,1
1258612476,1
1266669247,1
1278208188,1
1280655880,1
1285271630,1
1285694383,1
1291618082,1
1291784888,1
1292558120,1
1296655173,1
1304642464,1
1310759483,1
1314981314,1
1315222542,1
1321047277,1
1323710327,1
1325623356,1
1327288470,1
1328247592,1
1337059253,1
1342382092,1
1344396332,1
1346287409,1
1351345469,1
1352354768,1
1353414689,1
1354021647,1
1359170692,1
1367267296,1
1373367856,1
1375551150,1
1376336496,1
1377487846,1
1380932179,1
1381414773,1
1383375656,1
1384513526,1
1385120152,1
1385953267,1
1386758415,1
1394415175,1
1394651136,1
1396213921,1
1397212438,1
1399784822,1
1403577655,1
1407786656,1
1412506982,1
1413410854,1
1420021340,1
1422413057,1
1424905394,1
1425997470,1
1426654977,1
1426821636,1
1427527233,1
1427531036,1
1434027953,1
1437680463,1
1437834006,1
1438406050,1
1441821402,1
1442370333,1
1445397265,1
1445513627,1
1449990982,1
1452633906,1
1455203962,1
1458974537,1
1461831388,1
1464588073,1
1466019167,1
1467182658,1
1468282969,1
1472240406,1
1472425815,1
1473454849,1
1474734454,1
1482201985,1
1483422439,1
1491033213,1
1492459298,1
1492746768,1
1502564277,1
1505023535,1
1505986970,1
1506338500,1
1506690213,1
1506693172,1
1507737589,1
1512614403,1
1512666033,1
1513000502,1
1515875187,1
1523516089,1
1524073455,1
1527580496,1
1528975067,1
1529340418,1
1530195864,1
1530685639,1
1531064786,1
1538013500,1
1548886266,1
1550586710,1
1550631770,1
1552659085,1
1554386103,1
1556314946,1
1561008439,1
1563408516,1
1565071221,1
1569877285,1
1571098024,1
1574706734,1
1575955869,1
1578179787,1
1578645640,1
1579160259,1
1580944587,1
1587151126,1
1589771221,1
1590805317,1
1593657341,1
1593884250,1
1594490646,1
1596971319,1
1598823639,1
1598900822,1
1603348496,1
1604087027,1
1605421038,1
1616403204,1
1618345712,1
1619702022,1
1629607120,1
1632207678,1
1639217153,1
1642626412,1
1649126654,1
1650837955,1
1652848240,1
1658923764,1
1664288393,1
1664400990,1
1669138768,1
1670089713,1
1671486509,1
1673709667,1
1678889117,1
1680486250,1
1681041288,1
1681626383,1
1686676836,1
1687381840,1
1688445104,1
1688935201,1
1691545959,1
1694632190,1
1696263798,1
1698145432,1
1698346550,1
1704978370,1
1706200445,1
1706997978,1
1707242945,1
1709456306,1
1709900358,1
1712906981,1
1717584195,1
1723071261,1
1726100381,1
1727646054,1
1732139734,1
1735790154,1
1736387651,1
1740029596,1
1740788883,1
1742036550,1
1745660063,1
1747869359,1
1748859872,1
1749529489,1
1749797647,1
1752554914,1
1755884528,1
1761051882,1
1761833847,1
1762465089,1
1765353576,1
1766127022,1
1770968557,1
1771010972,1
1776213668,1
1779133462,1
1782699445,1
1785100883,1
1785464149,1
1788393464,1
1795600742,1
1802959617,1
1803428207,1
1803631019,1
1804675439,1
1807228160,1
1815832769,1
1824750543,1
1825467782,1
1830175915,1
1830742683,1
1835426735,1
1836947193,1
1837310587,1
1840329011,1
1841507165,1
1841952351,1
1846005843,1
1851615723,1
1854233993,1
1854694244,1
1855038399,1
1875027714,1
1877219072,1
1885767221,1
1892814436,1
1894696260,1
1898494993,1
1898758690,1
1899373746,1
1905892287,1
1908984585,1
1910325309,1
1910536558,1
1919380987,1
1920215223,1
1921983235,1
1924105882,1
1924780802,1
1925734389,1
1927140227,1
1927769931,1
1929548108,1
1935511089,1
1936512106,1
1936558666,1
1937424125,1
1940115247,1
1940541150,1
1941364481,1
1947260857,1
1951757669,1
1953216146,1
1955427385,1
1955501453,1
1955944611,1
1956468061,1
1959930866,1
1966350820,1
1967674385,1
1972660071,1
1976523444,1
1984640835,1
1986179551,1
1993610972,1
1995422124,1
1998195621,1
2001493648,1
2009352299,1
2010242925,1
2010390802,1
2015879025,1
2016097961,1
2018114917,1
2018856850,1
2021612942,1
2026909116,1
2035074043,1
2036937128,1
2039722186,1
2042196906,1
2055801293,1
2066892206,1
2068313644,1
2069714576,1
2071550664,1
2073849081,1
2080172050,1
2088788329,1
2093572584,1
2097234188,1
2097405407,1
2098330197,1
2100580844,1
2101526646,1
2102229160,1
2106986606,1
2109008256,1
2109263154,1
2109905500,1
2110026706,1
2115430522,1
2116336324,1
2118422235,1
2122155690,1
2124214218,1
2129677314,1
2131158580,1
2131193018,1
2135708025,1
2135855589,1
2140529302,1
2142243661,1
2143686690,1
2146521794,1
2147785581,1
2148258510,1
2150729741,1
2151128616,1
2151797810,1
2152991425,1
2159527871,1
2160640963,1
2161204348,1
2164796492,1
2172219668,1
2182696048,1
2188190934,1
2188687432,1
2191192688,1
2191199534,1
2196603642,1
2198596929,1
2199634529,1
2200765337,1
2203585922,1
2207419765,1
2208571761,1
2213727444,1
2216167481,1
2219804033,1
2220468007,1
2230582206,1
2232868591,1
2235747446,1
2242791506,1
2242939272,1
2244804520,1
2245142572,1
2249191654,1
2250073261,1
2251340427,1
2252782759,1
2254784438,1
2256826409,1
2267554653,1
2269804136,1
2272582892,1
2276879978,1
2278383906,1
2280368085,1
2287036256,1
2296693835,1
2298194006,1
2300057908,1
2300709202,1
2302096106,1
2304233892,1
2308278968,1
2309750652,1
2324724482,1
2330054253,1
2334220717,1
2336477733,1
2343281064,1
2346264921,1
2347304747,1
2352007989,1
2353127128,1
2353380259,1
2357163549,1
2374201396,1
2376109346,1
2376829144,1
2383365747,1
2383937037,1
2386109192,1
2387233428,1
2389924476,1
2396891903,1
2406263001,1
2407762285,1
2410391800,1
2415077937,1
2419006409,1
2423704733,1
2434098060,1
2434695827,1
2434711470,1
2446941494,1
2447553734,1
2448043516,1
2449184358,1
2450045995,1
2452804598,1
2453086270,1
2455496398,1
2456279320,1
2456635539,1
2462799587,1
2462929507,1
2463601637,1
2465172899,1
2467329154,1
2469887852,1
2475695756,1
2478876953,1
2480477979,1
2480912531,1
2484534287,1
2489139884,1
2490596708,1
2490882970,1
2493686946,1
2494187531,1
2501279051,1
2502903911,1
2513851828,1
2522662375,1
2524469252,1
2525946512,1
2541570835,1
2543352082,1
2545794494,1
2546175621,1
2548695998,1
2551859965,1
2553488523,1
2554352417,1
2557133269,1
2559644872,1
2560197175,1
2570349503,1
2577022489,1
2579482196,1
2589520396,1
2593657647,1
2596880283,1
2597683740,1
2597968441,1
2599715751,1
2609250824,1
2610195163,1
2611401162,1
2621311775,1
2626775564,1
2628402089,1
2628452125,1
2628571180,1
2629688371,1
2635747151,1
2643865295,1
2644761076,1
2650982565,1
2651787045,1
2653471224,1
2655146039,1
2656924030,1
2661368738,1
2665228786,1
2670084303,1
2670214525,1
2671645761,1
2679434385,1
2686529459,1
2688266095,1
2688978627,1
2689548880,1
2689773039,1
2693554104,1
2694805152,1
2697031907,1
2700480516,1
2703920449,1
2704821861,1
2708343035,1
2709180785,1
2712322455,1
2718266759,1
2719234046,1
2719904898,1
2733986419,1
2734688958,1
2741083081,1
2742038841,1
2744010237,1
2750186081,1
2756260279,1
2759729494,1
2764520351,1
2765392962,1
2770040591,1
2771794252,1
2782284671,1
2783608327,1
2785134619,1
2788662463,1
2791738586,1
2798923651,1
2801847161,1
2811285955,1
2812782879,1
2814855441,1
2817157929,1
2825405206,1
2828644624,1
2828896056,1
2834915421,1
2837777117,1
2838916771,1
2839322966,1
2843096913,1
2848389632,1
2851988555,1
2852631380,1
2855934080,1
2856301718,1
2857682435,1
2858771388,1
2863858772,1
2866187723,1
2867934279,1
2872917790,1
2876659058,1
2877288030,1
2881531022,1
2882541895,1
2882768851,1
2886221534,1
2896059276,1
2896128349,1
2897190329,1
2897985145,1
2899331204,1
2900843942,1
2902509485,1
2912496960,1
2912628190,1
2915809797,1
2919147612,1
2925186239,1
2928435900,1
2933654158,1
2941957527,1
2945416907,1
2945419088,1
2948636662,1
2951694381,1
2952594296,1
2955299377,1
2959671042,1
2962792580,1
2964166239,1
2967610194,1
2968582033,1
2969490169,1
2973578352,1
2985169250,1
2985408193,1
3005696152,1
3006392880,1
3009038464,1
3009371525,1
3010295928,1
3012358046,1
3013875595,1
3024701781,1
3025089086,1
3029564443,1
3031438624,1
3032468192,1
3033088178,1
3034587648,1
3037674804,1
3043181148,1
3051774734,1
3053362079,1
3054511755,1
3059395271,1
3061190975,1
3075058191,1
3076522948,1
3081729242,1
3083855735,1
3088807419,1
3098780951,1
3108758245,1
3109714599,1
3109969024,1
3113720057,1
3115812816,1
3125604240,1
3133370388,1
3133871587,1
3135109583,1
3137089790,1
3137470225,1
3137508868,1
3147697517,1
3147975382,1
3149765378,1
3151957055,1
3153009580,1
3154138689,1
3154421860,1
3160893480,1
3162711607,1
3172814080,1
3174574412,1
3174772592,1
3191218445,1
3194018260,1
3194898111,1
3199229116,1
3212271148,1
3215885875,1
3221052833,1
3224137908,1
3225387731,1
3226435900,1
3227758705,1
3230723802,1
3233700345,1
3235195490,1
3241271803,1
3242027039,1
3242392359,1
3242676937,1
3249302492,1
3249916685,1
3253687271,1
3258015629,1
3258308814,1
3263424801,1
3265946050,1
3272019701,1
3272094025,1
3272168476,1
3277702878,1
3280392080,1
3281285873,1
3284519604,1
3285412312,1
3287048574,1
3292367008,1
3295325912,1
3298739448,1
3305460118,1
3309052005,1
3316377283,1
3317401416,1
3317781421,1
3322118580,1
3322870373,1
3325232683,1
3325586265,1
3325902384,1
3327481876,1
3330076094,1
3331728261,1
3334044090,1
3335641583,1
3341101886,1
3341903218,1
3344408132,1
3344691575,1
3347002644,1
3347380074,1
3347742932,1
3349328539,1
3351679857,1
3351817352,1
3352111169,1
3354314235,1
3360059361,1
3363190705,1
3364136739,1
3367945120,1
3371258898,1
3372492046,1
3377553602,1
3383374253,1
3384588095,1
3387444524,1
3390119125,1
3390831424,1
3392054008,1
3392371861,1
3398115786,1
3403848247,1
3404801208,1
3405042518,1
3410479845,1
3410979019,1
3414779802,1
3416059820,1
3417661576,1
3424033432,1
3431474303,1
3438073310,1
3440096749,1
3443275686,1
3454814748,1
3459916100,1
3460786082,1
3461424860,1
3465363352,1
3467450142,1
3473770675,1
3474083866,1
3487499653,1
3492631552,1
3492863837,1
3500113610,1
3504499651,1
3504637125,1
3504862697,1
3508256156,1
3512403617,1
3512725182,1
3516402967,1
3521295179,1
3523028694,1
3524731225,1
3525203444,1
3525544133,1
3525836960,1
3533143687,1
3536975082,1
3537948872,1
3538654680,1
3540718145,1
3551010509,1
3553496589,1
3553721954,1
3565578268,1
3567689619,1
3569932488,1
3570981781,1
3572959924,1
3582099280,1
3585956549,1
3587340062,1
3593617345,1
3594005947,1
3595629511,1
3611772788,1
3613181753,1
3616679691,1
3632911278,1
3636916898,1
3640713389,1
3649636635,1
3651255811,1
3654376887,1
3657944036,1
3658673220,1
3664002612,1
3664957830,1
3676476815,1
3678607006,1
3679053868,1
3681676240,1
3683036743,1
3683138783,1
3684496736,1
3687736346,1
3692860909,1
3692937127,1
3694033417,1
3694910564,1
3696197921,1
3696827868,1
3701722432,1
3705441326,1
3705924028,1
3709477090,1
3710431541,1
3710887859,1
3713348194,1
3716559515,1
3727681772,1
3735509343,1
3742833795,1
3743953797,1
3744172155,1
3745842459,1
3746575625,1
3755720717,1
3756078034,1
3757048871,1
3758474328,1
3763824133,1
3764346391,1
3767100879,1
3770444299,1
3771903659,1
3773146591,1
3776426450,1
3778049306,1
3780306166,1
3788746961,1
3792934184,1
3793358131,1
3798478445,1
3804965601,1
3808258144,1
3808370398,1
3810342254,1
3813589592,1
3814904364,1
3817689364,1
3819674670,1
3836641811,1
3838459955,1
3839167956,1
3840793949,1
3842641359,1
3845694446,1
3851614037,1
3853205867,1
3856650516,1
3856917595,1
3861001915,1
3861384549,1
3867444588,1
3869385888,1
3871200580,1
3873196778,1
3875612682,1
3877763003,1
3881017796,1
3885098535,1
3887475054,1
3896879044,1
3897696981,1
3904963911,1
3905165603,1
3906947325,1
3908939393,1
3910495354,1
3927038851,1
3927616231,1
3936818046,1
3937788977,1
3939292676,1
3942395334,1
3945139968,1
3945404603,1
3947966390,1
3948450148,1
3949089714,1
3959374111,1
3961200869,1
3969294512,1
3976852178,1
3980095888,1
3983196321,1
3985250650,1
3985529384,1
3990389347,1
3993637274,1
3994117260,1
4002248725,1
4016202730,1
4017975018,1
4019451833,1
4019542937,1
4021233489,1
4023793021,1
4025801377,1
4029696846,1
4029776310,1
4030374520,1
4033252265,1
4034382273,1
4041975681,1
4043199849,1
4043230776,1
4043827277,1
4043871861,1
4045010421,1
4046725100,1
4050974260,1
4052460323,1
4060665754,1
4062493293,1
4072786793,1
4073662318,1
4074653881,1
4076650589,1
4080371268,1
4083738012,1
4086196530,1
4087065043,1
4090088460,1
4090222237,1
4090580127,1
4095044366,1
4102097062,1
4108778166,1
4108917276,1
4108976866,1
4111008501,1
4117449736,1
4121789286,1
4124433586,1
4125785357,1
4131638437,1
4133282998,1
4150055264,1
4150093211,1
4151220229,1
4152227365,1
4158978487,1
4162966659,1
4166004121,1
4172620178,1
4174424014,1
4180581288,1
4183274109,1
4183626481,1
4190937511,1
4191216492,1
4191256581,1
4192060693,1
4199180458,1
4199744134,1
4201850741,1
4203671020,1
4204626657,1
4204630877,1
4207245038,1
4208636014,1
4221956829,1
4222387337,1
4226931786,1
4227359822,1
4231614011,1
4232487981,1
4234509433,1
4234856856,1
4237614777,1
4239497657,1
4243381471,1
4246366994,1
4247678134,1
4261593393,1
4280569662,1
4281754806,1
4294753950,1
